40 547
426 786
712 57
487 639
985 816
582 567
878 425
433 349
138 528
198 848
977 106
268 529
462 7
942 665
327 484
720 559
710 603
622 609
631 601
612 719
505 47
771 98
598 565
560 643
6 561
480 89
937 663
860 485
200 248
85 376
638 733
528 213
827 57
878 956
455 556
53 897
202 630
643 481
16 927
394 161
367 39
586 809
344 777
191 42
655 858
117 615
818 973
248 106
102 673
499 771
858 335
948 724
645 918
247 684
0 487
350 26
941 302
705 453
485 851
655 876
594 41
454 24
301 272
792 721
757 403
288 79
179 899
522 705
791 186
638 711
68 634
168 371
160 441
476 314
451 654
846 894
909 331
257 521
439 536
679 903
629 914
546 194
302 339
265 64
213 142
31 193
482 853
791 697
58 571
680 120
125 415
870 52
753 503
146 437
876 833
948 224
900 952
92 600
540 143
678 585
844 605
238 921
522 318
767 179
425 661
447 45
182 92
742 800
124 511
88 172
878 366
574 646
535 437
935 136
402 602
600 207
607 68
51 897
185 492
219 678
512 839
216 712
498 262
387 304
675 424
936 832
486 260
316 262
609 424
353 1
109 975
571 735
39 867
892 450
320 342
895 140
465 921
543 248
754 373
4 11
768 733
743 958
517 723
749 715
818 813
545 589
244 179
466 900
500 593
859 894
948 511
437 474
122 676
761 162
493 236
533 162
321 385
437 458
928 839
458 660
578 493
65 578
432 447
15 549
234 895
559 701
55 357
45 681
43 782
86 582
819 109
317 264
972 222
125 372
933 399
372 53
267 875
575 865
22 175
93 434
839 415
171 776
660 782
539 886
78 752
301 509
891 662
716 318
737 848
762 686
163 948
632 344
685 42
530 490
457 204
62 407
667 95
107 431
735 821
70 822
249 771
173 527
782 400
101 287
729 519
15 589
705 616
893 850
467 23
77 143
103 720
969 163
289 803
559 157
291 163
930 522
231 650
726 298
220 816
179 894
507 598
601 282
408 47
625 372
215 741
392 183
771 96
750 285
400 646
332 905
968 323
619 288
634 660
329 480
71 777
273 61
146 104
537 95
582 521
974 950
675 69
146 218
791 387
782 474
705 213
352 574
850 618
882 110
351 704
423 584
90 476
457 0
653 778
141 835
683 547
806 171
77 50
593 798
186 498
644 215
994 849
828 514
380 919
551 915
851 984
764 356
244 562
83 493
386 715
132 852
171 572
940 928
826 374
519 633
517 924
108 468
244 540
808 899
325 900
464 467
641 842
354 242
247 109
597 725
500 866
139 380
612 935
327 201
464 701
44 25
43 85
906 333
684 201
818 369
727 753
826 766
545 64
362 827
199 27
414 98
821 204
217 858
330 370
107 411
228 473
105 782
830 935
187 164
470 797
325 356
935 914
623 830
16 420
43 784
621 938
153 50
38 84
882 541
432 267
22 128
620 834
803 830
66 195
697 615
248 914
881 960
62 757
504 23
403 829
584 90
865 256
916 609
590 563
375 471
912 890
842 754
669 6
399 802
537 371
372 540
188 123
660 228
889 399
525 982
850 579
528 644
458 82
248 62
535 124
394 111
79 465
381 763
285 630
730 718
303 783
970 917
535 182
484 37
838 145
96 315
168 631
896 458
336 699
550 122
148 47
178 211
943 178
235 460
3 42
977 855
817 209
257 452
143 786
69 91
129 197
283 757
52 438
766 563
7 150
117 663
968 639
888 964
52 371
472 119
236 699
571 868
908 206
506 514
955 867
820 993
427 504
771 509
899 509
636 541
977 132
212 467
317 192
366 588
45 252
953 414
49 907
546 291
906 519
468 174
164 484
416 841
87 637
55 301
428 955
66 151
687 195
925 123
284 636
949 676
368 394
256 42
317 644
792 631
210 842
143 176
174 541
594 199
855 936
269 984
624 323
390 981
217 964
32 18
565 83
901 638
581 995
594 157
369 243
728 767
984 262
680 48
681 854
624 400
381 643
211 31
230 209
252 546
100 667
144 142
681 480
295 239
818 568
789 646
479 579
697 186
901 891
985 759
53 951
291 802
798 347
641 651
464 167
842 911
70 532
268 835
22 650
11 392
175 838
938 23
858 449
481 660
645 121
437 679
546 166
474 872
646 424
338 135
678 801
180 863
965 877
892 584
116 62
225 25
126 12
412 831
674 219
703 322
492 89
569 506
794 777
423 163
896 814
175 109
41 351
852 925
421 272
177 230
732 751
917 343
152 404
302 697
174 472
325 99
407 710
141 473
164 15
886 409
604 633
952 11
667 351
88 946
501 591
847 400
685 171
747 601
852 290
716 917
292 276
619 634
783 820
486 162
479 366
798 987
812 993
876 107
343 145
898 357
719 965
46 23
573 879
639 250
309 988
98 879
150 599
191 670
62 718
518 647
333 787
162 998
609 854
863 119
863 907
453 460
208 218
929 700
258 860
620 408
423 686
472 632
717 537
916 185
154 244
321 407
297 907
886 533
418 103
779 576
106 357
665 33
552 792
990 161
439 908
940 214
35 766
989 160
297 141
518 593
761 208
957 803
978 118
776 782
975 919
321 856
853 774
414 252
774 582
71 685
776 128
724 828
741 798
648 626
230 848
23 382
252 401
600 467
756 254
875 196
765 352
560 719
395 526
227 447
149 970
640 747
138 333
105 984
10 253
86 87
832 534
481 795
49 140
344 196
528 156
379 938
932 833
80 400
822 264
430 654
558 244
713 991
343 100
137 307
239 523
169 476
859 228
248 946
664 364
493 426
140 143
969 615
30 70
777 269
605 156
805 840
704 426
202 869
335 188
963 642
995 0
632 371
71 360
746 495
68 603
343 481
152 277
893 229
939 208
942 818
134 993
485 683
423 10
297 526
80 113
446 658
182 222
377 940
809 242
630 116
976 173
13 542
479 669
270 579
549 403
930 150
207 436
341 518
474 82
680 107
459 280
225 690
879 224
624 853
89 176
32 879
34 989
510 407
322 349
532 831
45 755
243 29
557 635
273 871
759 942
605 396
170 128
821 866
17 650
227 577
606 379
211 445
698 365
695 186
125 111
936 45
525 270
509 768
144 657
391 288
771 211
183 997
743 646
186 586
97 213
990 705
716 107
354 132
584 113
564 380
747 261
978 430
866 407
574 227
621 204
756 611
112 727
846 927
35 797
549 819
322 163
763 752
182 823
172 129
546 883
518 712
693 246
571 270
304 360
491 40
764 564
157 823
260 92
700 258
301 344
916 694
79 170
435 595
666 162
552 685
594 768
529 450
814 62
574 74
36 233
434 593
197 127
281 489
778 607
296 584
88 445
434 934
134 838
880 807
437 959
622 728
368 61
185 266
374 390
676 843
745 380
260 922
459 322
707 68
471 28
550 956
916 623
175 733
312 496
143 71
601 792
49 353
347 918
998 634
830 542
454 238
588 65
759 748
104 156
995 555
742 607
270 558
407 487
280 256
253 998
308 576
267 804
470 481
334 876
534 500
970 837
912 328
879 181
173 356
362 377
355 940
524 37
539 513
129 413
137 84
155 419
17 737
158 453
552 174
198 612
336 341
431 571
6 507
693 982
388 317
654 865
750 559
43 921
709 732
541 833
667 94
114 839
159 95
641 605
549 30
305 138
745 831
790 869
342 210
790 885
922 71
115 761
701 210
826 816
398 447
924 359
750 119
535 658
947 41
97 447
96 492
63 467
877 537
231 88
447 933
110 929
967 380
866 4
757 929
440 7
456 807
566 128
879 532
6 954
204 310
639 381
691 648
721 87
485 691
373 964
675 260
509 730
439 91
270 800
511 360
567 149
274 386
430 633
352 658
628 753
741 746
778 455
659 285
73 625
532 599
392 375
265 856
352 899
765 287
439 547
999 42
571 57
565 717
839 372
429 498
748 637
947 602
629 367
234 127
452 655
226 822
687 924
621 817
87 852
891 162
221 6
721 650
604 588
893 807
718 327
123 208
703 737
437 451
915 248
667 627
892 862
442 121
968 176
641 155
805 705
500 321
767 444
712 284
743 135
383 431
617 635
895 847
405 958
17 963
276 798
22 423
924 185
219 591
430 98
144 225
591 714
779 157
597 63
241 759
422 785
259 556
429 248
980 478
363 444
370 988
437 657
28 266
76 686
660 620
475 882
18 493
741 652
653 690
159 737
491 607
398 861
318 565
616 190
397 414
377 971
869 45
137 338
291 504
895 764
462 691
617 869
667 700
426 74
582 846
216 41
257 791
230 306
880 847
227 91
230 674
240 351
229 356
410 300
492 909
910 513
329 936
347 937
434 679
213 443
671 198
347 300
255 694
775 527
766 147
588 555
595 384
5 149
71 341
822 835
56 432
40 521
270 459
538 939
151 689
140 539
610 922
504 331
109 854
947 45
267 729
577 201
130 169
466 655
492 577
610 641
420 725
133 129
750 632
762 611
573 630
487 15
366 924
883 603
882 803
774 469
716 97
301 870
428 418
195 71
538 584
814 344
306 884
96 262
287 439
557 761
850 957
402 882
772 394
893 91
443 808
793 608
237 658
335 216
802 164
342 326
468 396
996 557
708 337
654 192
6 71
731 869
800 965
818 303
354 72
535 370
82 480
142 960
435 343
715 524
105 787
125 829
219 99
698 747
44 643
52 555
831 130
695 614
45 805
201 641
647 730
22 65
637 188
758 842
66 264
904 258
335 948
330 674
978 663
615 65
638 508
65 762
209 40
94 295
976 304
899 423
115 15
881 345
754 923
514 472
128 594
263 66
769 434
963 764
165 868
683 702
630 185
366 154
513 243
658 487
634 208
509 611
649 134
205 734
268 442
370 106
120 246
485 864
288 200
579 423
898 144
268 214
932 556
89 537
983 92
20 846
503 742
729 914
974 51
647 83
105 728
288 118
334 681
207 166
511 88
223 853
58 781
929 905
94 63
190 633
862 61
393 587
528 695
115 762
173 947
959 817
784 447
326 931
539 900
421 30
980 112
504 611
982 597
237 525
270 53
885 850
894 90
773 220
451 500
230 244
622 625
436 836
186 362
424 816
128 392
642 199
590 817
793 110
357 646
317 566
412 935
632 968
764 730
875 576
472 316
609 253
776 250
720 489
517 663
951 307
665 856
240 606
172 287
878 5
507 104
116 754
107 356
627 677
281 25
15 294
367 807
257 816
672 787
867 159
575 221
615 549
169 698
420 350
816 688
822 6
472 729
896 25
279 426
195 498
663 628
123 673
848 588
280 934
34 496
247 659
359 936
691 468
821 713
815 424
92 219
994 949
885 552
59 792
503 864
192 966
376 149
649 877
260 287
36 535
842 141
750 596
402 359
600 864
11 185
570 260
627 684
808 7
986 520
466 426
455 96
150 800
672 163
142 612
294 767
243 630
655 425
605 465
459 450
956 104
961 906
56 322
513 15
296 397
663 176
718 31
977 137
508 811
985 392
768 360
107 533
542 787
111 62
747 953
808 177
962 194
121 92
588 903
994 297
15 690
154 198
938 507
931 179
748 911
23 945
543 806
90 997
146 346
195 204
8 226
35 949
242 994
886 472
760 597
196 81
627 99
700 728
155 456
676 621
388 441
786 987
100 201
611 668
909 612
861 760
510 340
482 392
235 813
34 176
966 153
85 39
79 735
735 492
686 750
359 199
260 896
663 148
172 702
282 153
9 519
446 229
189 918
414 913
525 162
242 687
164 238
512 443
712 576
764 833
158 514
130 867
425 270
296 988
909 264
809 366
743 427
278 91
453 754
178 602
520 353
776 974
8 239
679 901
228 677
83 196
963 728
863 585
982 154
99 457
737 584
798 943
554 997
620 243
189 289
613 158
501 716
573 569
992 343
948 634
333 65
924 578
34 471
724 210
429 114
986 162
381 916
667 578
826 137
629 945
119 100
654 541
309 536
357 196
510 264
952 136
839 885
821 457
684 578
547 941
544 647
955 697
50 984
808 755
560 120
208 407
808 592
355 467
998 344
228 326
106 534
761 609
776 662
149 892
882 180
181 689
466 104
720 667
740 105
296 22
759 867
661 528
683 856
944 567
20 345
834 669
90 697
282 498
838 768
428 251
585 702
352 899
393 90
626 567
661 638
686 828
705 784
929 602
781 273
190 834
657 906
500 41
846 720
560 916
831 875
881 868
604 404
680 66
710 668
59 6
476 963
610 7
959 174
285 260
618 43
537 814
599 120
946 871
803 338
639 249
914 505
239 951
855 655
633 512
53 470
659 404
1 339
780 118
953 46
985 108
397 883
935 962
599 228
256 67
847 650
610 898
662 164
85 636
689 423
853 962
226 446
428 732
620 163
797 646
983 672
243 230
340 610
833 322
43 807
772 670
899 35
561 733
335 39
205 567
697 752
121 239
781 201
508 567
357 637
922 94
887 579
929 376
595 607
128 256
429 857
7 249
723 798
820 172
809 497
125 340
574 193
599 125
654 416
841 477
561 39
500 562
660 453
53 477
940 667
678 793
144 714
709 552
934 152
548 446
237 310
784 643
61 88
241 551
237 624
76 787
657 766
868 356
118 114
580 264
444 691
476 46
821 969
838 385
998 162
928 140
564 364
519 561
983 856
775 299
881 358
329 689
648 886
239 826
381 691
552 978
265 313
927 697
270 370
666 722
665 523
67 994
901 309
578 324
635 769
418 403
574 579
588 243
118 993
792 321
772 560
885 604
52 57
818 825
622 833
716 719
913 53
293 784
711 624
976 679
994 667
217 247
911 128
128 55
169 429
841 230
684 138
497 88
418 754
960 613
368 25
826 446
428 79
89 649
953 389
530 12
487 441
474 42
667 438
563 672
809 984
64 482
820 930
617 574
336 343
874 572
615 344
894 498
726 436
445 723
334 304
733 90
319 200
365 815
415 43
760 236
816 857
771 198
896 496
752 876
786 825
440 801
661 830
647 140
735 817
173 460
155 514
322 774
4 164
919 491
995 224
527 910
204 885
296 165
74 740
888 688
631 750
859 83
399 576
654 155
339 626
985 991
73 34
388 955
267 715
456 486
521 439
681 94
714 497
93 400
132 410
742 965
101 643
334 773
696 292
641 10
851 650
461 198
515 3
77 621
450 621
753 759
927 888
377 966
521 757
686 659
596 319
590 224
244 613
190 34
182 712
143 873
716 286
36 943
321 20
88 502
938 65
93 316
548 520
157 265
592 942
516 437
740 53
314 192
776 112
556 860
330 976
849 87
196 770
594 797
320 992
180 627
543 120
234 748
226 218
674 970
958 700
249 541
827 444
436 999
802 947
467 536
94 258
508 828
840 242
953 342
92 51
855 971
324 695
178 694
746 738
186 644
585 890
437 197
410 828
202 941
128 462
540 666
823 182
254 385
982 784
350 376
955 68
322 455
603 552
482 496
896 774
297 690
524 150
752 768
961 681
32 955
214 124
475 799
399 719
252 297
200 98
823 607
555 740
648 506
318 406
967 617
579 252
871 461
457 465
567 920
834 632
532 869
188 806
388 193
493 38
254 844
372 458
359 518
68 781
499 721
282 119
736 800
495 747
24 204
694 639
408 148
210 903
687 262
230 719
249 182
816 590
482 240
938 770
858 742
370 82
421 629
603 143
884 835
19 827
129 714
135 753
317 753
404 448
302 266
354 391
17 977
276 446
428 962
172 233
519 825
264 161
307 5
343 921
37 294
354 175
756 136
561 386
58 236
249 590
912 124
768 27
376 717
143 303
705 485
959 476
304 132
701 155
217 52
841 33
960 513
520 367
622 6
454 422
53 537
887 75
559 6
438 463
618 532
176 246
438 104
746 772
160 845
735 168
997 189
460 513
188 204
965 604
997 543
25 628
703 800
293 525
18 181
920 435
613 897
332 301
79 888
482 434
424 557
930 49
650 547
631 414
780 516
88 526
84 303
64 192
733 23
947 344
992 841
270 53
363 938
878 583
306 356
95 854
687 619
752 622
507 676
845 184
440 157
465 723
133 259
776 897
658 599
816 402
345 807
690 914
821 674
206 340
662 759
757 113
164 123
164 992
172 584
622 605
546 700
656 922
527 531
61 641
754 949
66 377
186 618
19 772
272 731
332 697
362 719
631 128
668 532
810 412
691 459
465 498
399 407
656 151
900 572
878 690
413 704
88 183
750 716
490 589
256 674
408 814
381 299
113 504
929 919
410 138
476 912
971 69
325 39
395 14
554 24
568 793
115 335
933 56
678 787
399 678
231 647
614 335
842 523
822 451
339 389
969 511
49 710
295 869
732 865
583 242
314 872
797 724
217 263
996 948
468 194
716 1
149 994
114 272
972 599
978 678
173 970
164 472
464 150
981 309
444 157
814 659
968 576
234 503
202 78
100 490
403 502
512 603
920 688
327 926
501 66
502 768
158 454
580 626
143 957
882 958
658 524
910 550
962 188
100 601
174 97
344 313
434 165
616 367
675 821
545 217
906 105
850 762
671 191
718 550
31 643
146 829
458 296
460 981
498 498
660 452
973 213
200 571
787 577
74 831
675 981
478 915
857 822
690 884
157 845
796 729
592 522
732 472
377 887
253 675
340 425
259 666
69 498
541 909
721 20
543 68
425 493
548 704
834 666
727 612
967 517
349 464
581 8
660 492
220 755
918 189
930 375
527 585
668 882
145 966
497 535
600 853
494 395
949 388
47 71
984 449
875 216
6 424
353 370
659 488
378 356
833 139
16 247
947 97
857 307
719 694
861 53
743 991
164 838
493 606
198 411
777 363
773 366
820 611
662 891
114 566
844 538
633 64
715 621
141 740
413 226
949 123
746 54
100 103
624 759
940 498
301 140
284 227
104 280
783 224
631 580
375 488
352 402
700 633
337 455
986 120
269 157
957 184
126 47
542 95
481 461
286 741
571 12
738 729
880 585
397 389
153 746
131 748
22 369
98 758
578 715
19 438
599 12
859 502
316 488
453 363
883 662
505 283
776 273
152 805
262 434
720 611
162 336
387 934
737 701
133 517
129 511
659 812
609 241
870 311
817 548
699 282
427 20
914 551
40 375
366 818
414 920
880 379
666 738
941 880
676 192
753 458
455 691
739 270
699 511
158 793
49 829
144 502
920 146
255 240
723 863
679 127
788 73
601 22
166 369
663 298
176 378
431 656
188 631
933 727
269 94
955 69
972 748
496 184
10 496
856 181
146 502
874 678
59 304
56 140
309 650
488 757
637 965
885 488
342 419
547 494
706 159
833 577
404 460
588 272
237 261
65 474
153 606
929 49
296 211
479 705
210 499
323 936
587 36
657 949
106 925
310 320
20 605
828 835
9 278
880 860
962 714
266 448
568 699
67 710
484 501
303 238
460 924
885 970
716 367
140 874
805 819
586 410
312 134
409 167
114 888
988 960
66 332
385 653
295 520
103 397
890 424
535 660
341 683
455 553
375 580
307 341
696 888
14 783
258 517
587 271
890 968
847 737
327 215
895 856
499 560
258 262
934 685
728 381
538 594
112 399
211 508
470 70
598 158
562 322
81 590
876 955
783 806
650 815
991 250
760 337
94 246
143 928
983 317
551 794
912 540
187 920
86 234
122 42
257 223
517 986
421 867
570 549
864 245
29 840
291 823
921 460
452 476
502 879
308 631
591 129
252 255
797 506
371 356
602 538
345 399
524 492
980 961
936 283
335 381
519 814
697 669
424 823
537 563
197 19
523 599
16 187
124 916
889 267
616 474
566 276
498 448
705 567
580 446
723 786
131 872
227 114
95 419
91 350
595 60
896 399
392 112
988 824
387 237
909 197
790 259
315 573
841 88
606 797
497 919
209 685
825 655
94 42
419 248
156 695
779 327
682 964
385 893
418 11
951 971
742 499
188 151
2 605
640 803
987 492
315 98
247 523
918 164
15 651
579 989
433 10
208 204
844 883
565 72
581 623
560 946
572 588
215 450
713 842
780 847
411 408
984 473
740 933
362 856
967 567
619 686
466 196
605 381
419 651
375 346
984 588
199 377
148 476
149 503
670 256
182 534
659 122
2 716
234 257
935 636
699 393
917 159
864 237
36 114
761 556
35 166
311 596
721 340
193 833
790 247
385 306
862 941
573 167
806 19
347 252
588 85
678 705
418 575
584 520
947 320
225 270
711 434
832 999
674 481
962 185
637 299
944 831
948 37
741 904
574 389
206 501
968 360
707 603
301 313
153 228
334 557
286 959
841 630
418 884
51 797
43 860
516 970
300 702
41 380
727 780
86 394
676 85
638 177
36 469
830 642
289 109
737 384
595 656
885 96
562 703
305 70
877 330
696 698
928 275
236 417
177 797
257 649
652 7
570 395
72 711
312 983
747 51
985 810
847 663
463 631
695 677
127 529
463 799
250 31
989 271
765 489
238 41
134 180
318 837
1 332
90 338
448 646
875 442
356 266
307 643
215 794
569 589
173 473
702 446
566 660
609 65
531 96
820 473
674 650
222 199
503 427
880 456
581 138
63 333
714 526
750 806
911 577
443 860
86 970
505 728
218 618
547 882
379 749
174 958
451 539
514 417
591 472
857 238
270 373
326 142
450 685
443 376
149 472
586 174
273 176
909 77
616 524
233 575
975 206
300 850
57 396
146 435
27 723
406 972
38 310
665 892
992 981
749 959
836 780
907 613
183 990
576 946
466 126
607 790
762 258
415 39
253 791
545 294
444 344
315 716
440 90
59 775
220 608
880 574
337 776
419 339
346 79
803 569
712 58
884 273
397 312
714 451
946 854
928 319
440 195
617 43
718 335
101 532
847 358
46 798
41 103
687 560
705 837
377 13
827 691
552 109
534 114
431 876
883 968
177 961
930 461
936 870
380 326
974 663
618 847
779 350
155 102
786 727
121 618
313 763
776 270
325 963
418 470
781 490
185 48
657 87
743 155
9 805
43 478
817 556
669 723
933 674
354 461
929 959
780 189
171 753
397 591
661 805
419 693
404 561
332 112
939 675
131 895
277 152
476 426
390 390
664 291
115 367
730 592
481 491
746 53
963 804
420 689
48 384
102 678
955 534
114 956
937 643
872 98
898 535
372 174
517 907
705 274
119 375
547 945
724 985
887 327
335 295
571 502
649 597
917 479
495 287
840 91
376 295
821 675
402 513
987 934
516 376
678 388
369 376
429 300
828 575
857 184
669 837
77 697
497 867
4 377
840 347
207 927
554 270
619 232
748 515
651 862
655 444
371 526
71 472
884 573
257 0
25 848
440 855
863 294
97 530
883 829
214 245
104 463
32 578
728 329
932 593
170 259
168 372
194 494
582 353
659 273
545 421
577 441
566 152
132 681
597 630
571 295
707 865
76 790
482 153
481 602
37 802
929 880
969 235
215 196
10 612
247 585
614 733
942 509
996 509
509 800
366 309
650 618
55 297
630 43
486 512
143 954
607 124
441 971
725 489
27 374
317 27
952 313
106 911
575 326
498 294
469 562
419 556
896 482
832 908
370 693
152 73
657 401
216 496
131 354
876 510
600 747
11 967
706 732
803 945
493 20
644 453
959 47
642 412
738 881
179 538
286 448
484 499
585 770
148 12
911 449
625 564
439 693
117 981
148 174
208 305
200 29
808 903
134 404
667 617
629 991
303 67
739 190
216 223
632 642
325 77
734 285
350 102
287 386
656 471
57 608
872 258
986 682
983 0
291 45
376 607
881 774
177 341
228 888
635 193
236 176
745 720
319 617
998 27
810 734
882 334
967 71
611 514
185 35
393 649
926 297
876 887
306 105
462 425
169 747
132 354
509 247
310 868
312 700
383 664
964 382
944 345
252 348
395 916
297 210
683 587
755 62
926 891
288 326
347 750
276 270
775 295
573 922
633 686
881 177
271 916
973 622
41 160
742 530
194 289
825 18
397 232
897 354
470 355
889 820
585 531
201 1
395 394
501 373
934 293
331 618
269 801
852 337
148 757
144 69
308 30
561 69
213 79
619 710
43 694
323 689
82 134
144 758
291 860
778 584
507 902
631 228
509 50
428 124
470 760
556 475
44 318
916 643
382 708
998 370
820 681
95 209
899 687
330 129
939 340
854 277
512 631
71 528
567 235
507 524
902 146
423 550
643 383
399 242
301 150
632 710
466 951
660 524
408 461
490 901
118 853
463 355
96 233
191 544
428 805
680 573
752 517
608 317
964 416
982 306
777 683
402 578
782 154
897 807
385 293
440 411
413 804
650 279
266 392
406 469
525 257
373 324
703 644
348 557
936 928
267 356
288 648
514 120
275 317
95 394
423 589
163 243
312 989
337 31
630 20
679 687
133 474
80 354
1 48
583 93
964 339
640 89
211 855
8 324
498 789
481 114
574 676
51 879
318 863
957 224
662 293
241 216
701 716
36 131
93 8
147 295
34 215
165 800
950 865
377 667
511 328
754 753
390 793
729 879
746 168
621 325
672 449
26 241
739 963
438 331
166 791
174 34
282 564
618 719
308 570
279 488
471 59
735 938
180 908
454 850
209 704
983 430
524 917
115 308
639 659
106 593
871 584
794 60
780 669
802 827
12 36
723 894
263 218
290 402
470 602
683 815
89 42
439 832
1 721
513 990
872 379
852 939
229 215
296 538
859 491
446 993
932 900
503 743
717 176
891 351
518 654
497 746
882 223
656 261
743 210
629 508
710 960
582 683
979 249
899 378
791 86
801 343
332 714
609 475
188 695
436 759
947 867
745 419
35 554
698 327
617 382
660 873
76 916
503 644
67 538
140 820
568 91
872 460
609 805
685 314
71 656
949 947
710 518
962 352
320 443
41 862
434 760
750 94
916 168
850 431
115 458
614 660
310 723
949 968
386 311
118 619
689 96
273 321
717 878
206 707
678 141
174 510
200 456
219 405
412 594
51 450
755 969
34 971
149 323
940 430
722 334
527 374
54 667
667 866
158 506
652 748
762 313
855 381
907 76
100 157
511 485
149 304
998 222
300 803
247 958
708 571
950 830
32 825
806 131
360 149
900 12
426 874
970 15
699 416
93 761
783 290
448 483
190 201
714 318
576 210
58 124
835 573
76 66
920 262
865 357
27 729
929 593
326 212
306 852
71 263
930 212
352 401
490 79
995 530
796 186
848 805
888 150
968 508
659 918
214 567
966 383
703 29
760 453
251 586
106 31
417 149
339 374
541 426
684 823
510 112
628 829
323 687
504 242
925 626
157 466
556 196
64 961
357 922
839 819
29 117
336 590
168 673
515 498
724 374
743 343
303 720
988 939
892 665
980 87
618 969
57 642
140 664
419 968
94 574
406 342
258 599
605 763
923 966
309 546
439 964
809 858
391 333
862 274
21 159
161 287
490 184
929 742
591 929
606 433
796 964
90 941
694 661
695 674
865 932
371 549
42 539
687 969
210 296
827 834
166 193
743 279
380 412
377 520
418 202
177 141
727 13
822 276
899 564
713 426
792 730
9 861
963 809
843 968
6 159
521 629
745 201
806 264
906 931
190 306
165 397
435 454
612 849
0 315
429 269
373 236
12 902
613 371
832 713
77 780
327 21
516 767
715 7
730 548
36 652
985 804
98 420
676 351
97 200
855 23
774 925
75 292
143 694
90 134
816 854
253 780
371 836
97 785
166 518
656 665
545 842
551 443
108 814
925 535
375 821
466 295
842 773
117 708
212 39
56 261
440 180
402 863
326 686
177 187
735 806
674 958
735 496
421 417
262 635
30 281
318 954
30 264
619 289
682 140
944 940
116 98
25 976
866 107
888 621
479 669
392 248
549 631
728 382
284 962
569 838
432 544
442 573
711 264
510 571
106 371
80 217
429 849
438 329
480 719
365 124
642 869
844 746
943 240
318 652
476 80
872 799
346 702
632 301
442 571
429 435
144 651
504 452
458 258
259 711
638 75
946 658
8 666
330 568
669 373
66 219
786 4
206 279
658 27
837 658
288 602
131 808
46 898
738 756
844 423
261 920
282 72
779 480
647 561
995 851
707 478
854 81
867 82
736 481
832 134
687 871
489 308
394 537
995 704
835 554
157 450
785 236
63 537
632 463
272 322
880 716
945 592
563 291
404 977
440 150
863 870
573 927
445 225
856 293
207 78
465 353
991 545
669 138
574 479
941 263
925 86
895 959
552 889
629 148
248 447
370 785
234 490
18 761
297 503
357 873
829 746
878 357
101 244
60 765
774 931
245 955
762 725
708 951
246 380
244 941
566 695
9 664
570 476
978 569
82 415
570 485
836 27
394 328
29 964
823 161
896 136
296 790
841 498
887 442
108 836
59 500
183 792
245 944
117 723
85 584
362 425
377 776
918 457
582 705
322 305
345 502
435 573
231 108
746 41
752 379
385 153
793 804
26 658
574 343
109 583
934 175
671 850
564 64
227 915
22 693
366 918
465 171
12 467
275 97
659 364
357 977
419 105
422 929
20 998
286 561
966 502
39 192
630 981
394 476
332 879
730 339
975 943
628 11
96 28
173 343
228 800
368 769
765 101
546 872
92 989
828 187
350 232
723 415
471 616
764 8
17 840
709 216
7 137
820 350
660 450
677 626
695 790
42 444
942 694
682 571
646 265
972 800
666 494
900 203
970 548
323 899
709 487
866 834
978 307
845 134
620 463
425 725
863 353
436 126
957 367
78 165
606 210
382 540
224 222
83 844
557 922
469 703
645 526
102 500
800 21
973 460
312 845
920 676
764 425
462 287
383 125
840 131
256 480
276 160
619 836
406 120
591 233
899 769
227 632
559 993
934 949
878 830
179 236
661 316
479 308
418 44
32 635
173 616
628 606
69 590
657 416
233 502
606 346
786 112
832 529
256 349
569 25
751 666
324 733
577 287
377 451
996 174
87 999
901 239
768 433
322 303
185 509
814 136
902 98
4 339
769 280
278 44
624 631
776 266
792 305
335 588
389 619
604 411
981 920
975 210
893 652
136 730
108 671
760 151
434 501
441 969
706 974
642 110
282 336
503 598
971 727
928 780
199 807
87 693
991 781
983 733
415 73
364 699
747 685
272 119
413 170
313 808
417 368
435 259
48 791
642 626
92 674
176 230
822 711
598 245
816 570
780 487
66 512
985 955
366 197
482 72
713 507
940 332
166 394
414 110
16 125
820 7
15 3
411 398
820 575
5 216
924 253
57 872
173 337
254 940
164 750
425 506
839 480
727 375
491 491
536 751
370 407
357 541
725 71
358 210
720 185
255 619
642 155
596 323
271 197
420 817
722 869
906 3
103 351
907 227
149 292
395 16
76 592
803 783
546 67
706 952
125 731
220 944
577 845
230 774
321 249
379 706
85 721
533 653
891 525
635 46
378 715
444 251
453 618
528 884
501 82
64 998
914 801
899 450
508 864
766 395
175 932
351 562
80 696
274 321
969 817
150 409
959 617
848 555
516 388
464 496
980 92
268 654
225 469
689 437
923 925
860 202
508 457
637 470
219 202
771 149
630 336
826 373
255 538
248 816
803 656
235 98
664 416
900 8
234 169
792 484
705 936
672 403
768 342
945 486
355 510
396 479
437 168
640 129
798 346
659 155
93 955
953 289
919 706
999 861
778 75
142 998
155 787
318 736
802 905
908 699
734 150
662 526
284 185
422 589
113 528
235 515
168 450
777 36
567 51
109 226
763 59
149 846
277 458
599 912
226 99
42 413
547 951
648 824
75 920
486 824
182 988
537 598
267 417
861 124
627 199
543 938
735 410
866 824
566 755
398 743
35 594
661 294
603 92
967 362
973 449
748 355
897 721
13 389
310 661
582 724
744 398
48 345
973 670
262 546
912 430
82 146
590 661
93 325
803 316
973 167
623 111
643 17
731 11
238 819
136 342
105 500
353 13
671 15
635 47
144 956
805 354
43 366
856 161
862 847
955 675
708 414
547 736
1 15
69 213
741 300
485 853
96 380
223 778
616 173
626 686
177 827
15 316
438 265
534 831
827 464
373 973
196 64
928 351
761 553
361 945
783 359
902 488
262 11
76 64
325 562
663 798
255 414
257 397
385 738
139 884
189 448
491 863
237 621
751 500
58 702
806 61
304 450
854 578
532 62
777 815
969 124
650 13
39 370
996 140
373 628
723 587
74 946
823 365
10 789
976 20
286 338
159 748
457 705
801 626
525 450
947 735
414 53
918 54
442 363
39 518
660 313
777 794
829 216
708 278
249 960
837 105
270 906
308 54
292 895
979 875
581 188
921 611
456 3
276 711
858 634
990 655
742 749
734 284
929 244
928 554
246 750
107 898
564 459
343 445
528 157
687 500
985 553
354 330
78 871
400 252
876 690
700 794
365 811
109 395
498 486
627 623
196 905
767 134
328 226
689 457
912 176
400 65
462 70
837 19
778 161
981 855
186 417
525 379
473 623
546 558
647 755
112 924
242 899
191 422
14 747
824 13
937 1
174 248
581 480
282 100
234 371
499 474
539 71
859 839
956 524
381 830
469 299
793 275
137 817
898 494
574 45
685 298
262 783
545 379
214 359
30 686
787 256
329 109
348 500
715 31
249 794
364 475
197 555
568 17
360 33
601 822
480 988
718 399
503 59
665 831
527 921
759 916
297 703
780 330
453 251
118 133
919 287
226 983
388 718
936 114
875 717
492 362
479 522
106 71
700 838
431 581
414 333
900 30
437 162
245 763
797 74
568 19
712 130
562 195
406 58
140 183
174 398
950 112
846 504
310 461
412 446
803 298
642 977
251 398
838 198
788 40
166 151
478 932
749 538
807 253
725 700
894 75
90 432
473 232
413 945
503 193
793 230
480 129
344 232
520 672
396 414
463 468
341 327
930 524
260 543
28 376
137 6
924 326
327 998
857 177
303 896
964 762
744 694
784 892
415 947
185 564
289 148
3 752
519 916
975 589
652 327
868 651
807 948
391 208
625 416
41 977
477 59
722 744
813 990
208 538
215 272
842 445
569 362
736 415
433 935
163 843
490 270
815 751
774 724
1 299
881 903
367 733
331 287
654 880
520 161
989 6
989 94
177 298
366 682
670 342
854 912
993 637
470 179
166 460
297 139
442 484
231 96
20 581
585 909
876 504
772 900
353 884
560 486
63 656
314 312
205 613
123 452
706 571
499 65
995 459
34 301
832 800
247 956
61 889
41 511
180 473
57 61
835 201
682 555
547 724
668 867
472 975
40 321
412 896
17 574
12 743
617 69
404 99
490 546
611 720
194 451
441 153
677 907
552 120
234 867
903 520
721 300
485 336
115 448
410 859
361 974
546 640
775 585
852 340
378 147
17 563
765 357
407 998
765 755
393 670
698 976
540 268
236 209
7 730
447 384
285 878
65 485
252 307
179 989
452 793
545 456
620 101
116 206
756 595
89 833
154 580
541 40
426 540
416 186
886 728
867 989
953 718
725 799
414 713
852 738
503 962
231 929
636 539
192 122
78 259
499 454
33 456
869 632
871 374
766 330
82 963
249 793
854 508
765 596
612 369
975 237
839 403
512 818
272 275
813 415
409 222
147 567
303 260
714 409
178 541
323 467
750 42
388 908
247 238
76 408
937 698
375 799
163 349
912 329
618 581
988 306
754 795
388 19
26 278
137 682
426 157
706 633
130 771
498 323
26 363
282 82
856 749
5 725
103 39
919 569
563 825
629 124
891 156
732 703
682 508
661 315
237 341
765 217
675 152
787 196
737 164
704 539
944 54
210 203
49 25
675 920
329 123
49 882
522 167
387 533
128 264
168 130
844 100
97 950
713 24
709 130
690 87
69 7
291 234
260 332
947 173
197 514
271 520
846 617
100 336
943 796
403 667
705 207
285 886
96 997
100 303
76 183
451 808
356 287
276 714
575 123
943 972
174 513
408 400
651 985
488 796
32 653
443 163
77 858
738 136
930 289
711 847
423 532
692 931
608 22
296 993
116 903
100 574
125 150
95 989
683 408
696 866
993 407
631 137
250 441
615 94
398 274
624 608
298 455
721 309
119 627
87 401
906 606
631 859
413 453
287 226
634 236
719 873
760 582
943 136
418 876
356 766
380 809
733 706
820 567
104 322
298 438
169 416
117 226
399 282
55 277
60 679
430 599
880 599
419 138
544 422
332 974
172 39
3 200
264 624
642 200
549 228
533 476
945 85
126 396
939 36
850 911
436 482
732 858
608 656
75 540
976 977
370 698
551 224
200 561
967 649
388 2
927 349
473 981
276 814
664 727
912 425
273 47
497 601
504 533
581 351
647 561
611 720
408 823
210 146
202 466
970 558
299 743
884 736
864 266
902 224
909 678
717 131
705 706
173 749
879 804
330 725
174 314
915 890
105 709
111 3
171 703
479 805
277 720
302 427
219 488
623 659
720 522
872 130
702 655
370 137
799 889
454 179
958 771
888 102
536 323
888 796
366 632
246 752
196 27
7 198
825 549
26 899
929 810
875 16
346 862
691 529
70 569
167 455
454 427
962 23
254 678
853 385
331 263
24 623
889 905
78 72
789 712
33 45
469 642
940 413
895 901
450 413
406 591
617 295
536 264
232 41
877 774
721 814
13 762
65 101
318 719
718 422
545 352
232 243
225 703
393 745
827 386
194 862
797 467
797 902
504 279
440 620
25 10
415 608
381 348
312 791
871 522
553 646
128 503
412 149
619 783
68 555
290 790
34 724
730 465
893 632
911 843
840 993
996 25
110 884
961 277
73 128
120 923
217 759
356 172
964 832
103 492
554 605
212 148
889 160
930 511
426 439
665 292
150 222
369 902
917 950
317 756
338 64
183 779
260 209
338 856
317 615
286 926
338 743
125 468
862 918
576 319
366 309
642 480
852 809
481 173
544 406
713 944
221 324
31 862
126 137
397 924
311 103
137 451
749 839
199 512
185 897
662 612
650 288
135 360
616 63
330 728
79 680
980 811
252 289
705 325
227 300
603 232
583 245
975 578
761 311
96 743
261 916
761 538
237 737
184 771
52 281
626 629
986 154
704 937
274 456
140 130
947 140
716 186
458 734
641 347
458 243
449 213
672 260
623 646
265 261
321 470
286 110
683 835
481 890
549 762
292 528
623 980
528 418
514 438
764 623
734 616
739 607
721 599
761 444
844 377
340 517
977 166
575 719
259 194
693 253
165 392
780 347
869 646
206 833
711 39
119 332
791 302
330 887
425 173
268 773
780 70
730 173
995 685
544 546
176 825
474 757
666 87
185 113
126 518
371 856
303 318
889 982
284 240
236 590
89 84
826 242
600 117
86 912
840 350
688 728
181 86
430 615
39 447
287 835
769 839
993 919
961 161
291 666
465 529
756 701
589 671
232 598
511 485
590 4
947 161
397 961
317 183
297 419
54 958
621 645
335 868
923 465
470 919
110 818
670 463
392 422
469 664
441 648
302 461
229 179
133 300
984 876
144 602
559 943
753 461
37 678
320 496
297 307
449 334
765 928
770 76
658 130
637 731
308 354
632 109
147 67
31 15
312 163
193 949
435 412
118 139
799 974
705 349
903 677
937 64
945 293
47 393
790 454
738 150
284 195
91 267
882 271
74 502
176 639
304 85
4 427
829 122
854 447
125 700
869 521
574 131
980 498
924 884
248 81
501 679
945 289
730 623
465 35
513 718
872 839
312 945
555 238
490 691
566 472
602 712
440 947
599 722
434 27
986 94
62 834
818 2
854 570
744 832
590 232
543 294
422 499
566 72
554 517
682 616
457 508
913 10
963 676
387 420
438 25
485 258
933 472
739 993
82 174
504 668
221 823
370 553
982 19
864 340
309 675
805 751
843 941
307 259
554 260
257 919
75 199
569 545
977 914
251 481
257 94
229 214
853 365
434 265
560 942
843 618
953 446
228 136
362 18
711 591
121 561
153 813
868 48
541 936
427 248
159 823
381 553
714 555
778 920
694 985
582 635
966 174
462 20
52 287
865 640
214 13
707 464
674 465
647 570
528 334
28 635
27 19
635 577
994 141
721 205
141 480
818 721
903 853
186 588
592 520
447 398
892 608
648 902
767 615
355 77
183 85
28 26
137 669
664 233
956 357
864 394
971 134
464 769
40 12
234 919
723 944
329 565
906 857
389 948
282 234
742 937
730 456
579 464
34 581
553 940
754 611
215 462
765 231
798 6
414 888
508 760
617 912
142 657
791 295
162 661
287 815
9 862
641 37
541 111
922 24
676 520
700 295
381 256
592 796
754 310
36 534
569 488
652 891
470 500
332 776
913 274
240 408
358 343
678 209
611 957
376 327
149 173
151 282
319 734
868 54
131 178
432 756
859 557
466 691
731 224
495 29
853 235
606 466
430 603
669 330
919 59
925 126
146 607
202 24
956 942
629 166
596 903
229 705
956 518
203 461
51 838
60 489
396 737
803 217
464 320
294 630
170 149
803 45
899 466
320 45
762 380
101 426
841 366
695 88
570 474
377 957
742 842
193 72
111 553
211 302
90 512
720 85
117 620
579 726
993 313
861 692
99 280
334 316
841 248
960 799
682 644
199 171
71 479
736 621
492 41
871 146
665 794
178 799
523 162
247 489
558 602
538 663
608 771
105 634
87 154
386 137
861 733
626 99
717 94
319 107
552 161
873 552
461 266
241 255
551 877
661 500
848 511
144 265
1 725
910 388
210 222
750 651
404 124
76 883
287 460
707 621
305 222
796 766
94 272
990 189
886 411
696 505
604 700
867 13
81 624
273 790
525 134
916 208
959 216
289 370
718 947
33 364
654 734
6 777
578 633
637 375
772 549
446 699
891 861
898 752
516 822
744 836
103 428
448 548
505 230
611 855
847 877
990 72
68 214
961 486
70 822
320 189
294 428
103 342
496 664
744 841
562 661
456 756
315 60
779 762
71 369
105 970
783 588
717 390
533 907
110 552
554 156
211 873
605 794
85 236
156 589
160 162
869 977
782 25
812 325
390 517
714 914
764 91
867 822
964 126
889 622
393 60
618 160
474 128
745 739
273 129
715 846
1 10
52 802
800 185
575 800
590 891
610 508
527 268
551 25
354 546
204 893
447 970
316 460
655 352
804 902
892 301
227 561
525 243
992 710
174 430
946 661
406 898
926 666
614 240
172 855
668 764
535 867
639 545
810 790
309 330
314 761
189 747
818 589
873 712
349 704
25 405
497 763
984 430
453 165
127 561
506 958
397 291
850 876
77 119
557 64
788 478
699 60
609 5
736 990
393 637
385 240
166 991
657 75
438 173
880 170
810 235
314 143
34 5
133 465
763 34
604 693
825 64
949 44
712 85
331 657
159 0
46 751
579 822
846 211
230 711
24 533
282 626
931 883
392 882
704 282
200 291
977 87
996 976
444 331
533 665
261 568
103 856
310 612
502 253
716 174
515 356
681 962
884 387
649 537
726 201
466 328
320 168
516 563
490 255
134 180
346 926
405 348
239 61
65 477
843 238
406 327
10 934
326 787
536 481
524 133
281 564
252 321
245 648
666 252
499 113
518 289
647 668
175 41
208 876
51 956
274 753
921 128
216 729
326 973
574 658
139 876
108 922
433 475
629 198
801 507
42 71
675 284
907 415
149 198
837 943
931 287
153 954
30 547
353 797
106 603
929 409
492 571
336 321
721 914
346 911
365 446
839 285
430 5
779 22
782 999
733 514
97 174
406 810
444 335
432 904
476 164
926 301
421 507
211 141
666 516
460 686
660 312
401 30
195 469
784 984
527 720
301 272
441 991
580 967
422 295
663 367
309 65
583 173
676 601
413 562
958 852
820 843
222 986
314 460
140 782
617 949
797 722
551 638
96 287
358 415
197 775
231 401
772 60
852 220
102 982
477 302
505 322
193 865
494 589
129 66
87 395
619 92
312 828
620 997
631 432
873 978
943 808
341 745
210 325
769 215
278 493
475 407
876 395
19 441
684 228
783 32
325 408
333 178
215 26
64 929
256 205
265 173
44 279
299 201
650 447
847 90
334 529
73 478
377 772
344 772
622 314
406 310
821 729
769 923
679 773
516 124
852 172
740 774
124 381
945 563
194 53
730 80
583 392
71 297
257 868
806 369
29 563
704 828
328 638
646 157
917 913
369 392
842 550
328 458
135 730
664 396
601 160
7 715
876 894
702 249
309 253
767 282
429 122
999 733
147 172
702 462
784 931
722 50
416 217
103 86
40 462
637 886
390 214
768 462
90 269
270 67
293 978
22 399
4 408
627 542
298 371
415 425
819 766
911 849
899 216
200 824
971 753
557 871
674 528
492 126
497 236
790 50
393 46
69 731
372 549
337 182
462 889
383 726
968 474
572 828
667 340
848 558
315 714
493 318
901 797
543 755
946 953
561 532
454 283
7 968
687 156
256 855
877 670
751 496
409 557
522 950
169 193
161 118
250 149
232 504
270 25
670 261
898 255
508 878
739 296
630 759
587 422
476 889
454 171
532 618
401 186
967 985
626 413
13 178
438 965
715 149
793 306
679 719
646 494
968 958
336 350
65 423
855 575
96 814
442 247
578 937
987 296
439 911
288 398
75 268
981 194
838 713
759 84
633 919
684 125
663 900
484 896
231 740
273 430
445 481
825 332
996 835
808 639
122 318
645 441
865 930
636 405
276 905
104 271
977 687
331 104
918 811
807 128
326 134
807 56
290 112
23 589
599 676
511 522
366 811
487 497
547 170
182 46
832 601
522 793
253 640
991 129
663 305
154 719
712 997
963 105
297 685
777 107
951 919
610 956
193 408
276 672
84 443
748 146
285 950
125 95
148 836
678 483
426 308
426 51
516 644
693 887
135 374
193 131
523 374
457 519
547 795
200 301
56 890
778 457
103 197
790 357
67 837
258 928
815 753
304 120
671 245
893 205
961 85
947 492
704 14
534 759
298 189
765 122
4 426
849 943
304 35
939 229
766 35
76 808
215 934
246 770
911 341
618 750
299 971
151 807
543 419
371 190
710 937
835 819
14 575
260 440
220 303
811 325
378 274
209 768
536 585
821 481
98 382
256 435
750 389
940 667
179 970
10 261
608 648
19 507
780 800
245 123
996 485
489 908
463 675
997 224
253 481
628 855
755 171
606 613
951 98
8 375
182 688
733 379
926 370
760 155
102 286
757 602
381 136
565 43
766 712
288 215
67 72
530 880
357 679
131 667
175 435
432 0
12 981
471 777
264 847
818 403
911 312
915 764
144 672
499 148
545 973
87 705
928 28
801 532
201 176
91 564
221 596
688 995
650 973
724 245
166 729
108 332
970 732
798 114
538 325
619 229
440 777
299 608
767 340
185 824
933 394
605 942
893 579
877 811
207 728
489 661
273 447
594 18
106 286
368 144
362 293
950 691
534 652
252 30
825 234
542 388
337 856
314 48
925 52
984 812
111 670
293 806
675 767
777 290
248 298
58 645
913 540
716 902
34 139
723 328
702 807
794 814
30 848
839 946
252 206
896 862
290 128
727 545
906 265
515 997
167 211
18 394
7 430
380 87
662 288
815 713
597 352
516 568
627 834
897 44
827 685
360 866
628 869
531 155
13 226
876 700
417 733
778 501
30 380
436 558
131 543
166 196
725 978
761 999
673 111
734 452
835 3
929 868
621 905
592 8
423 175
206 576
668 331
449 256
267 984
629 333
850 624
529 24
109 672
517 537
391 466
319 692
458 217
76 341
3 145
256 74
942 126
655 255
502 644
725 847
782 995
729 785
184 466
845 151
276 506
456 823
452 263
246 354
227 428
96 55
371 69
10 845
340 382
520 706
54 719
544 362
871 451
967 531
426 627
70 376
103 566
892 41
886 932
106 330
52 214
677 418
73 855
650 85
257 561
671 589
304 302
208 141
971 799
510 987
798 762
959 892
568 376
37 83
394 443
415 292
958 14
12 337
723 240
763 467
704 149
37 323
344 172
34 219
486 579
362 0
396 570
861 172
981 198
318 356
815 937
208 245
0 979
491 818
16 947
884 469
821 832
244 86
378 380
302 608
444 521
899 24
693 872
295 678
762 887
200 581
220 898
440 917
364 235
358 416
700 750
845 864
283 688
1 328
902 327
51 565
477 70
870 193
630 696
323 623
550 405
272 856
357 883
195 533
764 843
999 335
796 611
243 321
490 73
686 398
273 116
304 885
346 268
219 599
340 43
908 354
836 311
295 951
36 731
570 740
646 623
800 574
636 870
103 358
555 218
324 550
185 362
384 949
21 564
774 672
926 959
496 943
270 560
346 757
325 316
156 213
875 532
642 872
14 145
103 436
308 937
579 264
63 367
643 725
82 752
170 564
561 427
446 360
466 641
58 738
955 396
67 923
471 551
644 835
342 941
4 296
15 31
696 186
62 617
774 289
934 359
72 104
556 849
132 603
914 432
452 814
335 687
380 613
631 752
672 429
68 195
698 802
482 888
82 667
428 762
785 206
853 130
594 819
6 788
312 941
662 53
382 166
761 265
793 455
169 659
18 278
901 114
904 296
822 984
975 827
626 209
595 264
760 714
532 884
290 681
532 207
590 491
590 343
174 963
194 783
569 596
26 746
339 409
639 812
974 963
917 492
778 702
735 736
526 589
735 105
318 120
794 641
747 962
388 28
840 817
847 264
218 39
762 575
862 871
753 553
215 530
635 679
433 80
140 430
10 592
756 738
949 924
447 852
545 986
3 93
819 211
223 768
851 178
644 298
208 944
229 335
539 186
803 11
819 850
587 661
199 557
816 31
813 637
132 635
955 344
999 497
531 289
203 514
749 598
843 265
94 822
117 605
95 745
556 987
521 671
816 184
812 400
317 814
57 209
957 221
503 590
995 417
437 112
250 428
720 665
477 154
63 959
683 415
418 450
15 19
732 399
485 442
492 217
481 126
780 213
34 474
72 867
338 588
603 149
980 82
492 962
391 611
947 480
555 452
646 776
171 517
462 321
381 529
355 537
641 912
671 618
10 684
378 44
87 484
747 830
455 32
550 770
264 178
983 223
815 66
785 738
263 839
957 555
35 340
883 640
460 754
111 908
99 865
203 191
291 791
142 164
415 406
979 627
120 328
681 532
640 329
44 426
197 50
694 939
821 764
174 854
627 320
645 575
521 573
410 230
255 212
341 683
937 472
615 63
667 289
662 125
432 25
113 271
78 912
952 333
246 989
666 963
932 528
111 234
266 967
529 325
420 955
20 252
532 851
842 127
397 698
659 556
315 525
520 829
32 331
107 192
101 700
667 409
621 434
464 754
476 33
66 308
537 212
91 357
672 301
110 134
548 426
701 33
931 569
234 338
853 571
812 219
972 955
466 916
311 35
792 262
597 483
752 152
652 835
766 705
493 181
284 900
31 726
292 645
11 281
683 153
361 255
770 584
250 132
481 782
301 170
397 118
254 563
302 127
126 618
10 708
97 412
613 87
26 468
477 636
853 597
715 806
362 895
339 755
790 842
330 371
236 374
746 577
555 271
232 402
613 412
215 666
920 501
55 292
801 286
491 545
417 342
965 643
462 118
784 853
238 550
972 784
385 394
44 315
801 287
907 40
664 90
14 459
933 938
71 864
759 959
193 711
635 963
809 639
896 210
422 862
637 429
394 910
168 111
369 860
515 264
832 776
890 573
509 154
226 30
418 45
509 727
861 21
417 255
143 722
952 610
71 806
622 449
811 198
974 125
202 216
711 263
94 40
128 388
262 590
593 6
910 877
15 376
27 521
764 354
466 299
962 561
491 578
656 82
393 723
928 628
948 878
786 846
299 658
17 65
949 900
681 327
520 77
979 539
478 672
622 352
775 924
442 387
755 305
694 736
498 523
779 559
294 26
22 872
261 675
244 524
476 970
854 5
692 102
131 939
528 156
543 452
369 404
363 711
33 169
292 714
859 839
999 435
739 472
931 638
580 199
559 884
325 32
939 273
790 103
871 341
807 11
536 214
367 521
112 749
104 158
898 89
3 750
47 630
117 832
960 868
144 338
140 7
149 533
893 193
923 117
521 614
419 123
320 348
22 503
778 854
752 332
824 9
463 69
454 266
272 95
824 132
101 456
228 957
635 92
103 913
903 715
922 433
419 591
248 418
417 39
837 621
4 71
892 274
130 237
853 263
713 820
712 731
584 261
228 945
453 785
600 529
591 384
475 536
763 57
125 682
11 138
774 236
573 266
878 493
426 734
343 651
687 734
444 768
546 65
193 46
314 523
67 92
97 434
676 585
83 370
234 648
648 192
476 761
580 626
417 990
468 785
795 754
727 173
369 253
699 397
224 34
290 259
355 154
967 74
135 510
497 107
695 954
393 737
897 492
709 302
506 224
491 801
767 769
901 13
475 878
395 543
324 769
355 554
786 518
436 318
863 859
478 876
766 984
730 313
516 768
120 875
518 870
50 542
130 520
770 369
85 445
6 162
341 365
716 567
123 70
479 100
554 971
296 594
486 5
498 185
549 245
384 83
369 168
225 499
274 535
899 549
509 367
315 40
120 557
174 564
294 995
67 298
960 176
561 496
678 200
373 110
748 485
497 459
314 447
361 284
933 838
726 706
425 718
941 702
808 960
968 924
915 950
269 391
584 281
339 592
292 829
903 838
396 295
283 200
114 964
945 36
600 35
837 710
113 988
85 382
932 996
527 848
860 547
738 802
260 818
983 472
930 897
633 486
627 398
23 106
799 235
128 296
872 404
208 667
356 90
824 807
330 470
947 99
246 101
377 720
174 622
923 59
780 719
683 196
572 668
730 48
961 946
586 764
87 457
598 830
855 908
950 446
34 161
500 213
48 517
948 850
721 158
670 663
362 724
493 293
622 914
670 270
44 104
470 936
469 760
410 387
11 11
552 773
907 587
744 215
722 449
21 620
936 289
452 604
626 718
478 831
886 13
72 638
244 324
575 878
88 315
803 838
920 329
45 126
42 511
700 907
663 308
634 145
241 963
539 847
322 363
951 746
662 243
322 373
251 946
188 503
305 83
897 186
144 128
634 758
468 331
749 286
490 668
130 876
301 547
95 870
933 500
881 74
468 563
291 653
587 899
83 924
437 293
191 73
691 377
538 230
221 695
777 622
724 735
986 789
567 611
237 339
308 483
139 971
631 24
251 891
845 140
483 348
80 691
106 407
638 394
813 969
127 650
980 113
188 657
147 242
732 167
824 173
244 545
501 821
367 627
312 813
683 712
43 929
238 121
564 448
505 388
672 780
62 121
366 471
136 735
977 37
190 703
952 679
660 566
79 798
103 173
454 230
401 233
955 143
620 490
821 661
684 681
643 388
380 176
6 942
957 934
417 137
66 724
702 857
712 414
869 257
213 777
338 353
506 543
542 352
954 157
422 113
450 49
415 574
498 769
142 976
658 217
477 255
70 334
209 853
42 315
988 529
677 686
170 725
62 920
296 644
60 464
387 344
398 663
659 302
840 574
607 790
670 307
868 773
807 425
678 783
323 478
43 737
782 35
82 419
850 725
683 708
926 281
821 903
485 283
992 339
698 120
761 828
582 755
219 801
204 577
567 629
72 550
570 576
399 699
109 843
782 987
685 340
261 288
202 600
133 484
445 699
747 993
927 470
609 763
724 513
109 614
746 305
846 409
667 458
738 799
640 269
666 382
935 515
454 845
676 662
446 501
686 948
439 32
323 14
3 675
879 370
752 561
147 42
81 272
84 538
883 423
13 555
510 230
653 685
462 967
928 643
181 590
470 493
747 329
439 787
32 887
641 563
33 387
164 400
881 581
284 317
313 129
403 428
379 79
379 892
484 824
78 445
619 468
749 976
180 871
664 322
933 514
827 812
930 693
737 647
908 836
667 685
564 113
258 442
39 222
41 381
884 834
948 371
157 61
499 26
93 348
388 334
152 961
733 123
808 161
463 491
488 678
611 283
96 232
477 566
227 688
850 940
33 802
171 484
151 803
138 538
431 293
430 102
836 467
287 317
528 548
881 238
93 587
926 331
971 676
855 902
638 626
835 514
947 427
498 57
801 649
154 577
381 885
988 349
505 212
961 788
971 911
221 381
363 265
124 616
70 995
101 420
566 870
935 450
466 427
369 927
818 968
727 801
780 606
599 809
353 158
191 365
554 642
877 50
451 538
826 638
398 417
496 708
23 773
548 667
772 294
600 832
470 236
987 69
785 907
121 594
760 100
803 328
30 644
241 586
611 682
329 445
989 245
450 375
247 582
235 867
139 511
798 261
974 291
688 505
257 866
891 547
677 470
741 105
110 961
820 535
673 165
320 603
685 2
804 288
583 995
496 568
725 173
971 610
937 132
593 313
264 107
812 844
610 553
574 454
233 656
41 310
473 656
109 36
55 333
36 89
19 238
166 263
732 799
352 801
459 412
838 198
980 157
844 191
762 921
280 883
45 411
0 554
475 628
573 488
898 9
74 538
279 6
147 905
208 943
658 13
146 307
841 832
660 972
891 507
517 33
838 607
82 2
35 607
620 557
123 239
764 495
749 777
215 744
812 198
494 61
244 291
140 205
344 75
243 479
41 942
508 513
748 132
756 110
631 561
713 936
605 544
503 577
97 97
925 799
127 287
598 871
784 307
239 52
921 443
478 676
822 908
917 869
609 378
491 403
325 745
170 758
530 188
634 841
743 937
960 268
292 272
285 713
162 792
300 271
566 990
125 622
556 958
444 802
303 566
671 566
603 661
498 888
672 171
101 985
261 198
975 324
329 483
502 365
119 544
175 769
136 299
59 285
440 703
506 771
713 619
527 924
462 915
429 579
776 643
356 684
683 850
744 321
44 608
990 636
918 947
407 670
937 930
270 41
406 519
509 214
754 421
445 818
710 348
41 40
150 817
549 32
976 752
623 885
75 107
893 945
955 554
225 230
132 627
661 477
484 844
80 623
550 839
996 597
329 128
785 932
868 902
168 417
604 643
837 660
865 198
540 499
204 30
386 950
119 234
88 847
836 282
974 613
365 89
273 136
683 23
715 398
666 728
446 600
667 588
929 601
39 551
469 112
377 361
585 875
551 791
861 207
836 44
671 73
95 4
933 352
416 666
233 812
143 671
662 447
313 795
491 785
520 535
959 479
986 391
615 211
563 46
722 864
16 433
254 460
456 390
733 233
340 659
359 263
990 20
739 532
99 589
775 840
433 192
520 790
662 990
530 953
896 996
942 346
195 817
107 905
643 727
737 165
974 343
718 600
852 988
34 399
945 410
912 694
51 308
45 794
568 777
226 419
741 272
794 63
132 759
14 624
556 80
183 845
126 674
782 346
933 574
300 891
744 986
556 307
318 957
690 306
273 619
807 682
705 248
31 524
978 217
849 422
670 787
253 384
133 367
473 686
883 247
37 885
981 31
685 575
588 770
781 431
585 582
167 490
937 712
293 756
136 486
162 452
635 174
685 656
380 116
391 794
537 230
928 22
317 830
628 90
369 380
230 319
883 382
314 706
296 290
812 523
184 617
372 842
18 891
427 396
880 570
305 714
382 481
656 665
600 305
705 923
347 466
590 623
965 710
17 914
95 872
806 516
919 930
568 92
989 293
374 668
985 471
650 776
599 405
784 173
829 572
15 457
658 710
863 22
274 566
515 15
999 555
264 914
555 715
985 305
108 638
272 804
85 432
42 734
505 328
16 104
784 414
380 949
890 206
690 119
483 566
8 153
124 76
492 441
883 533
738 896
716 115
570 782
511 564
554 675
390 360
841 711
484 139
641 963
167 928
759 442
570 195
530 33
63 57
287 607
73 145
684 52
186 175
319 574
752 865
199 598
400 518
89 927
272 453
683 22
50 990
136 195
340 355
919 24
314 746
534 136
509 246
982 398
583 848
607 237
573 879
713 498
922 390
841 733
759 380
324 110
785 817
875 105
855 711
550 98
845 320
842 612
567 242
834 346
933 605
853 18
784 230
846 745
966 640
395 767
838 37
691 315
541 959
916 554
535 475
194 413
513 817
197 957
666 743
851 214
695 205
99 284
842 122
185 556
920 931
566 76
247 446
220 120
400 248
919 698
333 845
312 301
744 779
896 156
196 934
558 759
818 921
254 451
269 730
247 130
380 46
488 14
466 727
899 669
714 146
933 423
651 643
752 909
449 565
617 966
889 120
188 97
104 164
314 527
958 373
74 912
401 948
414 474
491 235
455 891
160 805
985 259
107 976
785 648
103 33
762 52
845 193
0 602
985 744
988 586
387 991
883 571
814 800
661 893
970 866
99 889
699 138
772 590
621 227
23 203
542 138
213 138
540 882
603 549
220 816
944 945
92 858
70 436
729 343
618 436
596 950
767 20
286 93
187 237
892 681
626 163
424 27
933 706
607 41
851 274
401 648
267 634
415 575
254 510
899 689
931 479
412 389
743 329
505 953
428 596
890 156
167 282
327 988
84 791
328 379
515 607
486 647
707 889
316 179
601 344
472 158
596 25
477 208
67 317
185 590
990 235
873 710
500 450
320 705
506 881
516 125
802 615
155 252
687 25
932 619
479 193
468 827
20 48
160 441
944 405
766 682
396 137
790 327
687 497
934 921
39 996
400 285
603 769
244 183
99 796
628 509
9 696
124 292
367 93
456 769
489 3
693 883
369 476
292 851
883 346
252 604
897 960
382 547
53 3
974 764
57 704
145 978
251 417
994 639
760 270
966 607
75 160
314 972
502 863
850 517
812 932
887 51
478 697
331 344
423 996
675 539
627 777
935 81
193 829
12 293
248 896
382 242
490 473
508 330
439 882
684 106
866 218
141 326
214 342
822 782
29 129
743 859
389 416
806 401
49 474
550 455
606 338
435 876
418 758
573 579
352 976
666 70
683 736
307 251
350 588
703 416
183 380
270 77
353 143
521 21
140 27
828 574
817 89
773 146
116 245
151 942
448 436
819 315
664 1
641 752
993 189
111 816
218 915
811 926
722 361
818 68
921 125
786 347
746 966
149 599
910 132
366 3
162 5
560 783
214 364
985 289
768 130
163 982
512 876
880 545
812 38
439 296
24 29
741 230
139 48
9 695
406 874
380 65
499 900
674 961
207 115
13 154
767 265
460 572
295 578
949 591
210 643
642 232
464 79
365 664
763 279
965 533
754 391
900 657
437 448
936 409
973 574
873 459
8 805
973 848
213 899
116 117
747 494
26 849
831 369
902 90
324 217
771 856
435 743
751 463
471 681
294 214
767 960
824 750
475 957
668 806
376 243
107 880
241 277
193 401
622 961
972 878
583 761
858 355
758 273
380 31
481 35
765 485
971 352
810 298
590 149
129 30
831 652
279 522
594 574
705 540
631 545
710 890
540 819
343 893
17 697
979 606
24 942
987 0
329 751
36 323
969 379
370 922
238 844
93 482
879 265
685 562
732 399
834 873
700 234
366 713
966 437
166 953
173 183
74 623
185 970
512 151
811 391
613 32
759 30
627 360
920 294
410 313
660 297
343 27
321 246
282 484
6 464
128 661
346 517
830 598
545 411
678 462
796 916
673 200
235 317
506 821
6 725
606 16
4 301
440 469
879 323
782 625
39 350
68 873
432 493
234 702
579 139
18 579
637 304
426 480
648 983
425 275
478 627
192 227
615 245
689 561
648 365
722 673
752 798
914 185
302 231
439 842
218 288
818 982
680 415
927 344
758 747
535 107
820 766
229 684
19 649
920 69
559 508
1 544
457 290
127 722
659 816
538 189
216 498
665 664
780 977
518 122
725 421
270 309
759 335
845 663
87 84
518 565
522 159
264 638
718 393
497 327
266 662
542 104
235 661
135 998
322 187
0 747
972 516
335 408
3 488
460 357
343 522
619 934
422 502
64 823
57 352
37 876
339 271
913 389
184 259
529 326
78 546
688 611
853 203
942 438
889 733
557 466
914 706
679 882
135 298
964 617
848 324
528 552
547 865
932 130
274 846
169 744
615 967
876 800
225 235
474 940
241 393
555 31
380 41
76 308
779 851
598 704
453 232
833 96
360 267
179 922
421 426
628 942
706 738
662 330
41 442
844 989
932 774
188 951
962 187
514 622
914 938
835 607
635 200
410 943
563 148
500 753
899 507
68 993
545 98
985 869
355 217
99 969
888 204
588 804
482 503
166 103
728 742
484 213
585 643
552 148
227 76
4 76
774 239
130 476
678 426
662 740
288 428
419 299
405 52
29 821
536 609
883 228
923 868
735 412
135 758
682 211
157 665
914 384
209 979
267 802
817 764
543 132
25 216
24 706
44 177
179 781
80 1
399 59
613 943
637 385
390 423
49 915
558 345
45 781
842 886
162 991
317 742
968 446
58 775
887 809
989 315
840 234
846 910
383 403
129 358
875 439
286 367
732 216
970 853
679 429
288 938
250 815
423 353
487 253
824 827
76 127
954 91
855 624
389 883
439 754
905 783
118 464
311 441
391 869
966 423
936 190
259 582
56 16
616 333
169 630
633 930
583 184
262 846
380 566
241 293
171 526
457 934
168 629
117 518
349 245
139 10
841 87
642 531
226 881
556 358
352 921
552 1
748 4
334 369
431 660
597 0
110 174
823 79
558 622
392 678
88 426
389 79
465 615
245 247
951 369
369 219
278 338
700 743
843 294
760 372
618 561
354 665
595 153
185 454
907 59
91 482
902 337
876 831
698 297
303 596
322 5
372 803
918 619
337 549
662 684
63 159
763 722
169 621
546 963
579 918
727 923
433 41
440 859
497 968
533 394
551 325
69 473
886 615
213 836
691 37
374 777
385 609
918 342
924 591
723 31
252 160
977 867
485 532
925 261
792 636
880 312
975 565
852 969
49 889
174 395
154 657
315 416
49 987
743 885
792 990
211 493
737 494
944 131
65 552
813 900
981 243
801 760
364 372
308 475
751 941
525 749
651 777
152 185
150 814
165 174
507 31
256 789
455 655
46 835
866 205
924 221
669 990
199 144
550 474
501 818
435 983
956 22
228 430
30 605
640 871
348 637
913 717
981 917
128 645
467 945
108 30
807 456
584 916
761 858
318 297
584 739
269 957
617 419
837 248
379 617
474 968
532 274
989 360
153 8
829 224
758 566
862 544
307 31
36 458
98 382
681 898
293 13
399 142
95 528
847 532
461 853
161 607
312 901
293 587
196 160
593 951
594 558
780 58
388 382
59 730
823 78
304 194
32 442
724 119
807 966
187 116
542 707
235 586
399 896
332 348
593 966
561 888
484 57
430 786
625 970
96 733
752 654
507 260
360 236
136 294
39 929
676 817
297 242
382 325
772 667
102 190
216 669
982 448
921 109
962 809
659 557
466 464
476 486
708 906
135 575
926 990
513 940
194 340
930 141
309 990
153 371
331 44
267 941
837 322
350 636
301 18
853 459
80 330
153 41
195 247
400 684
330 158
338 357
468 411
203 431
7 1
989 514
457 643
574 114
233 368
551 383
632 126
850 988
33 196
454 124
106 986
485 69
342 430
116 286
789 223
34 574
983 675
593 586
608 545
413 419
911 67
163 15
515 181
379 666
955 329
714 835
290 115
244 107
818 489
56 147
752 504
190 687
567 898
105 528
972 42
940 224
70 698
749 979
434 883
609 939
169 214
963 382
874 875
682 24
107 681
575 325
21 90
100 949
324 421
832 50
150 277
663 595
661 482
520 805
818 291
558 615
830 426
812 175
979 258
497 247
106 171
880 572
763 628
156 541
71 190
298 847
340 270
766 744
704 524
718 662
917 123
775 801
170 732
514 962
838 109
46 614
281 263
562 424
16 606
49 460
889 587
529 945
615 177
290 441
654 767
855 313
322 205
871 556
948 389
359 833
301 880
193 173
777 685
197 135
144 372
293 229
7 545
53 553
226 288
692 806
132 233
446 189
970 838
531 482
408 828
793 85
887 780
422 187
84 876
465 562
626 522
800 134
667 963
394 465
92 748
676 470
474 95
83 647
240 238
152 396
389 444
394 869
341 378
996 566
245 170
726 232
440 347
422 873
535 31
177 80
934 712
993 288
744 862
850 318
461 304
611 592
953 684
482 478
844 328
366 343
82 995
157 615
93 296
282 522
730 289
678 758
226 645
192 956
506 288
287 569
37 993
551 177
985 207
256 272
790 793
387 919
270 505
256 26
471 369
452 267
882 594
85 30
148 980
306 517
613 724
555 175
953 25
398 737
689 451
600 681
988 276
16 929
892 385
374 621
535 153
566 618
393 799
960 845
453 223
779 513
115 705
410 440
432 24
887 84
250 220
840 19
495 192
373 720
322 79
560 479
952 226
241 721
348 865
495 882
880 926
66 668
444 497
636 50
896 581
764 261
276 541
836 327
620 517
753 732
412 469
559 148
758 732
679 581
561 55
529 333
508 485
999 319
468 905
727 400
24 839
966 953
523 63
980 397
461 885
419 35
469 379
376 152
661 881
686 971
518 790
651 30
874 803
409 783
170 47
175 955
231 850
479 386
348 802
601 109
768 344
334 468
332 104
911 545
514 641
85 169
211 929
787 673
537 411
803 305
571 778
472 983
380 279
403 146
960 679
855 394
991 58
693 658
399 28
88 770
967 39
291 550
516 637
204 984
267 999
757 856
532 454
200 533
519 378
283 978
184 921
646 499
158 765
352 50
726 260
762 364
354 544
594 855
930 88
211 908
617 103
151 653
480 159
352 362
934 603
113 930
598 500
892 783
54 962
982 226
8 470
586 54
402 72
137 206
436 213
31 289
485 727
219 481
745 20
544 551
561 365
908 519
755 256
629 974
231 376
540 140
828 525
355 699
436 620
935 168
135 177
482 903
219 263
750 769
507 827
911 637
153 921
339 556
115 613
377 410
599 613
857 961
532 462
492 334
713 332
571 560
207 547
726 406
620 0
809 551
597 819
422 643
587 306
772 953
337 495
671 840
502 643
755 337
294 687
204 508
876 194
800 376
319 272
310 111
896 268
593 747
327 467
266 735
531 315
302 411
50 363
680 382
623 734
28 632
252 622
310 662
961 892
743 881
610 151
918 802
594 582
130 925
964 84
800 723
302 31
687 757
64 612
952 113
193 541
20 686
715 408
475 538
516 844
826 194
531 460
73 71
7 137
757 319
222 41
292 81
719 356
351 833
974 618
877 746
386 708
762 852
87 256
669 163
435 84
874 539
89 344
736 259
209 286
216 231
972 433
244 893
949 588
512 610
506 598
186 522
683 788
460 439
1 421
800 7
475 146
779 732
275 228
172 397
472 685
745 447
747 580
716 298
315 204
770 386
688 92
735 629
867 320
31 174
925 414
376 244
367 220
347 906
610 159
270 700
92 520
516 576
975 999
460 541
88 773
86 300
994 318
394 27
470 999
589 661
867 56
293 361
757 759
644 774
32 997
755 447
499 940
541 4
129 404
264 512
382 612
542 862
342 422
772 610
714 167
752 608
451 222
754 212
646 904
588 897
221 465
782 729
377 309
541 907
930 329
969 399
670 424
479 649
875 41
503 512
622 192
682 865
709 127
85 111
590 336
482 218
701 895
473 41
739 10
107 90
27 645
960 133
454 908
943 611
787 464
778 956
16 6
789 927
619 902
136 473
385 500
673 887
421 13
582 8
205 407
384 553
890 403
968 414
631 300
924 595
140 543
998 510
876 757
583 527
335 74
693 532
26 250
927 966
306 257
149 618
180 909
643 502
853 64
998 585
796 959
595 672
500 914
348 260
864 67
868 194
116 187
348 205
311 836
642 503
883 620
248 694
430 443
351 376
651 154
520 839
973 383
287 172
639 137
195 870
373 976
817 936
652 864
136 842
415 189
281 339
597 861
594 635
901 215
879 653
280 964
975 684
299 748
693 24
770 983
777 138
785 603
457 245
115 427
431 527
272 340
437 946
241 800
127 622
856 976
462 738
671 327
456 954
353 134
544 891
452 218
99 694
802 430
883 69
768 43
893 393
582 754
504 548
283 663
366 899
273 939
1 255
616 55
313 320
277 81
846 158
138 224
437 709
260 872
391 17
872 890
933 802
615 149
636 191
16 858
788 394
509 330
888 887
695 338
744 794
463 867
155 300
796 251
560 628
126 912
183 107
752 683
45 712
817 676
797 468
838 383
627 174
469 714
885 71
738 545
912 508
848 374
214 672
261 265
77 308
107 531
704 583
187 147
455 854
472 137
62 719
92 350
549 709
880 84
493 987
305 244
454 414
771 185
652 828
408 819
768 978
719 629
291 419
714 451
587 454
155 481
21 862
78 335
242 246
730 487
632 355
797 922
179 987
899 367
453 837
139 654
847 294
314 351
942 499
868 733
459 288
144 517
196 186
673 960
989 122
762 995
884 45
92 295
392 287
262 189
326 318
320 0
606 308
631 846
803 416
69 377
521 861
327 491
77 911
318 690
935 506
385 957
36 963
640 882
976 654
993 974
253 528
716 959
888 566
996 436
800 429
901 811
207 387
538 967
862 909
296 547
223 49
628 299
693 646
752 186
610 954
548 238
57 489
109 82
108 941
140 511
484 689
577 118
730 518
470 364
327 970
847 523
769 778
900 280
602 822
844 844
855 571
863 629
150 850
172 993
621 389
662 104
823 416
995 273
866 824
659 668
541 81
633 204
667 471
394 264
359 339
584 354
226 614
678 160
906 388
305 968
403 786
157 110
503 66
421 85
767 170
188 807
49 332
752 645
357 655
161 506
520 344
73 916
195 247
120 347
523 845
718 111
926 19
722 825
203 224
15 695
403 574
995 321
703 57
561 141
884 7
669 935
398 267
387 28
869 932
948 372
428 568
87 150
240 699
792 273
916 941
256 233
272 867
210 780
909 22
925 655
967 400
414 339
318 950
326 855
290 205
680 476
659 352
935 129
576 973
83 797
343 989
308 709
66 693
816 995
501 291
486 599
407 401
136 785
667 691
920 861
60 890
238 737
228 288
95 98
141 510
797 752
107 465
832 60
273 449
204 2
570 170
682 589
999 607
746 558
503 998
446 437
133 144
580 579
717 446
251 461
765 903
624 460
27 390
335 905
676 662
981 753
426 401
814 762
622 665
73 452
280 244
881 968
225 682
322 226
293 895
941 189
993 265
915 169
674 538
277 26
511 893
461 51
356 732
441 495
875 873
68 521
489 158
732 148
738 821
274 835
263 761
780 581
476 592
914 397
992 620
543 991
595 534
349 22
611 55
377 131
975 501
560 224
875 179
957 208
250 125
687 625
881 632
358 562
49 989
155 429
898 599
356 105
861 51
805 389
703 363
841 229
680 1
97 969
604 936
102 866
369 461
466 994
294 512
576 265
678 970
221 429
178 678
459 991
560 409
155 254
40 841
457 716
397 365
685 417
302 665
761 484
909 70
498 617
623 329
594 276
766 402
179 137
647 785
9 418
852 369
838 628
84 480
98 319
510 891
20 718
118 345
909 612
946 852
438 177
85 517
768 656
137 581
350 787
724 878
547 227
543 637
977 532
285 538
759 648
722 849
97 996
772 405
469 678
682 473
226 735
891 317
143 274
361 778
238 341
953 135
758 933
411 457
781 294
739 475
218 465
248 300
779 598
683 431
819 736
979 949
998 44
47 993
915 924
709 327
915 762
784 392
295 969
269 761
467 640
983 826
429 690
307 676
519 88
551 610
401 120
349 839
138 650
789 507
647 181
533 763
968 438
616 723
207 394
320 43
84 217
761 963
985 901
706 242
384 247
341 530
651 910
758 599
896 268
910 788
22 584
98 421
836 895
314 959
443 968
286 783
475 39
22 864
605 540
15 769
503 204
695 797
530 472
818 538
497 76
821 150
9 205
831 61
382 366
52 250
90 910
156 698
983 502
777 635
394 549
726 861
286 153
138 148
16 733
831 939
412 150
746 399
338 361
165 101
57 797
260 606
309 249
751 273
183 694
240 488
139 441
625 759
602 68
171 898
929 673
217 350
858 520
530 711
95 990
484 731
271 622
633 652
318 943
887 391
700 292
639 257
539 845
332 893
533 302
395 216
977 967
719 178
162 603
58 287
954 824
932 679
183 640
995 197
799 647
385 564
539 135
737 957
626 946
857 648
872 283
132 261
574 328
282 396
163 631
919 533
313 104
426 559
922 742
912 600
591 182
308 340
327 668
407 948
938 955
103 328
714 159
805 175
914 549
170 314
13 721
986 119
162 247
938 657
314 924
557 104
925 600
724 994
376 202
287 449
769 645
273 84
102 429
286 161
114 843
261 589
439 997
45 148
644 955
220 742
370 156
635 524
814 36
665 551
757 974
0 579
437 584
482 54
792 939
512 49
75 783
917 106
267 333
364 757
176 669
38 672
776 743
741 21
739 670
904 526
600 644
995 34
375 43
60 158
563 311
222 214
966 570
408 256
912 474
43 678
308 945
260 906
203 399
276 123
18 434
1 641
553 254
849 778
393 629
81 184
712 819
590 595
491 986
659 460
308 779
234 29
986 788
378 594
454 877
314 325
107 751
158 45
586 984
935 338
597 637
784 292
974 399
32 605
837 154
54 194
35 427
875 767
418 294
313 766
374 83
990 932
543 69
341 264
848 966
242 544
274 149
722 577
141 976
810 856
28 58
851 99
441 949
310 503
229 661
587 689
161 93
982 387
752 391
457 393
879 965
218 932
427 39
433 915
450 542
239 123
927 230
902 984
848 538
664 219
498 148
82 77
275 674
249 937
227 133
682 386
881 765
178 131
525 809
159 989
845 299
796 190
259 940
325 570
645 596
337 744
876 234
686 922
390 663
859 148
101 269
81 36
522 295
981 222
833 116
917 353
835 213
530 162
322 488
952 851
512 392
68 465
742 497
544 551
758 93
700 83
771 356
909 378
461 638
703 494
714 170
505 913
821 452
871 336
554 852
605 548
145 356
434 387
947 926
664 366
25 801
619 28
11 883
750 310
908 861
781 899
340 831
962 70
604 241
886 93
986 727
980 794
366 235
747 627
603 1
546 525
774 550
70 412
809 971
413 613
127 374
586 933
491 655
959 530
842 545
952 387
239 743
302 877
392 733
272 457
939 784
696 832
8 810
10 300
978 72
879 879
692 178
441 424
987 705
526 471
984 23
554 260
665 888
467 401
689 101
976 922
282 101
143 880
687 756
367 647
780 137
253 801
230 346
33 58
666 147
905 514
483 736
492 388
587 361
192 853
647 910
546 452
375 758
609 136
569 288
705 930
57 229
112 847
32 214
769 366
155 860
804 658
422 339
915 210
43 453
196 432
28 462
294 850
101 233
483 382
955 743
84 13
821 402
230 551
378 753
389 163
300 653
475 436
900 922
157 396
585 568
329 855
368 880
527 46
764 95
862 344
713 492
264 29
380 358
446 320
973 74
824 397
855 438
546 426
878 70
277 715
149 392
327 121
749 905
74 866
906 691
436 705
10 983
145 559
675 133
256 745
223 847
427 844
602 228
42 234
167 541
654 170
614 662
768 826
493 818
758 574
56 20
535 236
241 646
219 28
345 649
359 954
751 526
500 699
492 679
918 388
644 755
116 202
636 120
511 461
430 789
352 260
919 39
467 403
739 262
525 42
94 456
294 284
561 515
167 421
708 554
782 961
852 352
18 530
704 651
291 41
690 144
938 960
355 623
496 390
500 4
239 858
850 738
695 291
172 420
731 597
414 23
100 441
447 267
371 275
709 106
442 879
399 773
200 782
605 457
629 855
903 394
935 613
657 292
732 343
883 643
736 646
90 652
775 704
45 192
547 246
692 440
456 222
341 570
295 321
364 206
686 297
312 747
251 990
669 161
268 801
25 678
56 568
701 641
84 540
605 118
699 12
571 745
515 329
735 34
822 635
935 926
424 153
822 246
756 878
964 987
587 597
83 784
233 491
568 638
940 29
60 571
314 139
178 739
226 371
955 358
0 697
907 826
361 423
582 172
3 317
490 678
869 674
688 271
54 266
590 551
778 591
274 952
995 357
119 808
393 846
697 608
788 604
722 989
173 71
138 335
727 376
542 357
184 946
535 925
977 993
752 421
341 69
513 431
713 182
969 3
867 955
890 5
779 568
463 837
431 17
859 644
962 410
276 150
326 125
910 476
866 50
129 361
718 753
67 862
873 596
827 537
814 537
508 102
531 503
693 41
148 432
568 902
787 982
599 54
200 989
980 614
478 145
33 966
579 921
239 287
892 807
267 780
749 816
251 936
672 354
211 600
194 136
778 470
374 802
235 769
341 825
705 429
390 224
6 425
158 8
984 32
723 624
476 529
814 146
238 745
5 571
501 219
487 720
26 803
846 465
459 556
348 251
714 507
857 399
347 161
758 703
602 269
112 206
876 409
770 76
168 62
38 86
808 294
789 325
402 294
113 986
905 228
836 338
362 736
917 788
165 846
474 357
608 788
389 462
892 269
200 622
42 620
529 291
911 679
982 566
541 923
598 644
70 530
826 415
692 768
898 343
737 860
93 634
73 492
638 766
98 356
741 955
753 631
301 779
532 464
933 979
327 481
144 864
465 540
519 627
514 165
871 343
928 65
367 999
425 900
850 4
170 225
7 690
662 591
464 693
668 146
943 949
903 824
827 638
560 952
626 90
641 336
621 800
154 327
425 571
772 793
677 367
467 297
993 408
67 170
990 257
649 708
670 811
514 106
761 199
98 689
609 493
124 198
106 895
292 493
729 652
980 26
653 552
375 588
630 167
56 161
620 128
276 814
270 405
618 152
464 251
168 281
772 474
904 401
165 488
288 416
573 22
563 569
916 309
751 559
139 924
81 14
794 12
335 894
984 781
735 524
875 164
484 918
285 14
267 627
24 645
452 236
152 726
191 490
36 677
273 912
224 914
546 995
826 952
882 603
183 223
42 814
992 754
146 571
44 244
853 582
934 598
212 509
230 898
16 485
919 781
413 486
550 471
715 105
9 313
380 875
103 871
32 420
249 418
769 829
725 290
823 62
981 826
483 635
926 718
888 711
600 706
739 565
348 130
368 668
716 564
399 984
315 842
88 633
119 961
354 581
5 118
545 699
302 217
843 239
342 667
862 312
281 207
208 494
342 240
831 205
847 483
446 478
930 227
493 681
471 559
752 868
912 794
602 359
218 253
154 380
88 325
226 217
31 63
162 101
373 41
782 376
150 277
52 525
930 676
906 371
482 314
737 686
374 500
420 586
938 107
76 346
577 907
280 497
676 906
2 328
110 341
939 963
321 699
979 395
510 844
906 854
762 195
433 133
414 334
27 440
478 50
784 540
334 119
219 739
753 886
820 674
938 860
311 306
225 927
576 631
539 312
441 234
822 773
576 598
117 184
462 130
71 942
303 657
616 403
972 12
673 35
400 255
515 852
298 792
792 136
987 924
260 629
961 2
194 939
438 304
836 342
818 960
13 919
375 958
526 21
913 860
381 267
844 618
274 424
955 260
466 451
628 901
627 217
534 172
96 698
810 139
696 441
895 232
990 67
979 850
524 43
619 541
63 880
571 593
689 913
336 47
398 186
992 418
437 788
658 27
506 888
540 745
822 3
797 365
376 685
351 627
995 919
867 170
316 250
9 0
535 910
250 600
992 438
41 290
361 953
269 408
566 984
362 89
973 161
403 113
656 500
318 264
505 91
298 150
948 980
25 460
643 801
788 256
334 277
473 299
505 389
121 343
383 57
96 161
196 991
338 382
956 544
261 305
60 436
617 376
592 374
64 751
673 696
589 710
922 48
938 127
641 309
901 784
816 989
358 748
878 172
130 684
338 792
806 382
843 521
791 353
362 770
750 761
105 176
613 885
247 849
143 881
396 613
817 144
298 45
754 817
597 706
906 911
318 983
339 107
287 359
802 461
877 768
917 522
608 798
942 433
304 225
565 273
970 971
362 970
404 480
367 64
796 559
797 293
390 333
840 176
677 393
366 587
402 166
181 406
825 733
277 952
590 809
520 312
861 528
269 797
600 935
689 871
867 936
765 854
776 515
68 795
745 378
309 855
865 632
51 307
189 463
714 804
902 529
105 555
74 795
230 907
163 773
814 393
886 132
437 399
715 754
123 628
612 958
318 492
567 857
778 27
623 496
157 766
313 995
874 45
787 713
683 720
194 637
339 793
164 244
895 41
83 871
308 731
104 722
130 472
96 603
345 580
487 388
976 947
554 149
39 207
475 546
431 317
824 7
168 985
304 948
51 647
223 478
25 149
702 977
402 642
160 685
90 49
11 64
788 494
111 268
692 154
483 809
884 467
242 182
209 658
414 948
3 133
184 448
800 290
786 914
721 15
521 982
943 474
862 244
175 24
269 712
490 715
791 358
441 169
355 826
966 258
117 304
566 53
523 365
12 255
937 720
95 2
829 698
824 352
493 907
34 586
19 108
144 770
370 306
514 465
208 631
69 894
250 305
488 37
395 403
196 740
320 131
838 547
804 634
781 202
537 409
173 196
814 794
752 773
872 657
667 559
288 180
237 7
799 998
195 742
390 78
81 454
761 185
206 460
72 160
306 50
663 687
61 784
715 783
758 712
359 680
161 590
537 708
749 211
122 270
955 45
688 463
488 730
498 687
918 165
81 475
482 322
322 595
581 298
962 1
249 360
601 286
162 179
481 632
429 610
442 412
664 264
739 752
569 731
713 69
196 653
956 867
858 933
790 575
348 953
653 732
198 667
953 539
863 799
870 734
472 403
647 71
678 419
403 363
53 875
919 959
627 414
576 879
553 130
874 435
255 396
851 986
686 979
881 439
230 840
139 718
568 82
394 890
163 702
103 145
67 634
820 447
577 177
167 176
118 398
277 707
323 600
250 996
668 767
349 315
305 69
534 780
942 912
851 676
998 301
292 521
946 560
156 381
253 657
206 927
504 839
869 909
287 369
912 825
695 765
999 294
323 818
40 655
444 665
671 653
46 338
962 886
478 724
712 451
703 979
59 329
396 425
76 337
642 238
568 758
452 700
564 301
314 21
136 225
222 117
536 272
718 893
166 484
20 89
368 388
175 933
998 869
419 380
622 817
928 548
330 449
393 935
316 423
973 895
648 890
108 711
494 306
553 452
110 291
504 499
825 406
395 368
543 140
219 449
624 339
978 49
701 355
246 568
686 717
630 112
564 440
355 293
160 968
689 85
778 517
685 793
910 833
121 834
424 794
440 697
951 26
410 197
272 236
632 155
770 255
968 701
207 243
620 2
355 812
899 431
59 980
280 256
934 877
552 927
209 126
348 339
845 113
462 931
680 243
863 232
726 679
198 209
632 285
678 11
139 678
155 521
52 749
92 219
384 819
305 442
717 638
786 519
700 81
877 718
232 506
231 490
969 151
424 176
4 400
940 956
693 499
614 977
331 603
456 138
507 407
961 886
485 845
641 480
907 322
616 113
156 115
758 867
977 510
773 58
166 200
405 126
664 119
895 347
431 889
626 505
475 434
273 588
629 767
275 676
95 463
100 529
185 834
413 900
5 850
881 277
956 982
549 685
832 13
581 18
244 192
680 149
888 418
142 93
783 876
49 76
8 944
114 928
137 892
402 79
994 6
718 236
652 626
371 942
416 322
463 605
726 336
715 462
54 580
437 413
414 609
23 106
445 553
388 191
218 640
347 299
597 102
579 611
504 900
890 794
500 447
835 933
316 24
87 828
300 356
687 210
954 698
411 478
172 414
538 190
580 165
47 487
415 987
944 124
788 159
705 557
398 176
72 184
553 316
132 711
202 905
670 652
538 204
961 712
841 767
304 6
909 57
895 327
723 404
899 116
232 344
155 198
198 881
775 21
274 837
484 721
59 436
305 208
377 118
786 276
730 768
347 485
861 146
249 559
863 954
538 634
185 69
94 95
229 819
236 869
415 260
275 299
252 164
169 821
252 641
618 402
452 81
368 627
692 203
251 824
608 677
697 387
360 235
855 163
749 892
537 817
276 728
783 715
488 148
624 963
433 826
299 265
579 923
178 655
710 664
347 562
577 103
430 476
974 587
895 731
493 636
948 100
157 21
349 416
70 110
910 609
569 622
559 2
208 353
51 375
108 260
96 490
516 415
464 603
670 776
184 470
301 32
512 741
682 692
660 726
578 966
311 201
253 386
624 407
303 559
148 984
526 291
895 137
371 522
334 848
554 806
954 952
550 515
869 538
54 436
488 848
574 136
808 134
236 397
251 96
268 370
526 663
427 250
730 253
29 491
949 375
337 549
163 872
676 252
316 260
282 329
33 556
348 604
939 171
604 58
589 351
601 384
347 3
976 308
949 656
74 958
708 833
946 11
264 51
971 937
399 242
44 501
70 756
353 170
617 36
42 47
13 537
727 12
885 88
303 351
990 75
494 808
164 207
99 794
836 126
250 295
280 880
134 788
236 463
387 590
241 631
273 149
593 811
615 471
441 11
822 915
246 449
645 666
186 238
588 712
411 438
278 1
877 818
511 345
799 513
975 779
418 923
204 958
973 214
313 488
549 109
708 320
701 771
498 419
558 958
176 173
361 994
902 739
282 480
424 898
209 276
278 287
755 969
799 779
737 503
825 776
546 24
625 185
156 401
266 480
40 34
596 811
657 818
722 217
171 949
851 992
730 583
402 788
221 174
303 377
137 504
873 506
393 728
896 109
156 609
436 357
542 379
341 66
621 78
106 773
225 692
280 82
5 509
956 341
336 293
795 68
409 29
9 400
167 244
367 973
195 291
37 950
849 573
78 630
199 200
327 575
933 820
799 795
183 197
646 290
787 251
39 497
165 40
476 906
641 353
783 872
918 707
842 212
303 772
812 58
497 326
548 331
896 325
739 638
701 802
998 291
587 453
735 328
408 344
286 244
347 476
604 78
262 761
967 120
595 591
705 989
161 291
821 278
266 692
877 393
314 744
651 498
391 972
72 122
700 163
413 100
418 259
263 409
139 947
706 239
732 344
363 496
197 324
729 660
733 955
151 624
305 502
795 624
429 9
84 423
669 903
285 747
356 175
974 22
16 148
625 986
74 595
699 761
431 370
946 584
498 939
50 297
917 698
391 600
777 721
950 935
294 438
426 556
176 632
33 856
75 244
976 584
803 800
454 25
49 407
690 166
407 945
706 690
186 973
74 100
609 781
568 502
433 915
848 518
905 259
519 784
166 596
231 335
549 905
515 613
781 197
885 246
958 193
461 349
510 621
883 832
42 950
213 301
384 7
261 909
939 564
26 838
175 555
675 155
234 935
417 155
567 221
780 447
954 99
948 443
87 604
600 188
298 733
740 843
558 781
287 438
329 318
456 704
771 637
846 329
915 649
466 237
758 382
460 927
738 852
867 440
83 923
887 462
310 150
537 113
912 326
38 817
509 158
716 805
383 182
31 12
468 58
226 667
960 587
215 567
