129 92 331 77 386 320 399 162 447 292 388 111 103 388 318 256 19 307 157 152 175 181 353 295 417 393 470 496 386 132 20 260 422 29 161 60 420 79 454 464 60 51 181 257 16 100 39 137 33 61 304 185 9 215 219 14 40 162 240 0 284 173 235 443 421 390 74 369 70 336 338 472 44 395 174 237 24 293 106 148 352 420 122 371 117 151 265 182 479 92 129 231 221 355 11 343 53 166 359 367
408 8 28 153 274 284 375 374 106 37 286 467 114 158 259 46 223 224 87 157 374 39 31 146 483 428 16 426 477 412 36 51 105 262 289 198 387 430 409 128 159 361 102 418 345 371 153 240 120 81 405 276 9 466 56 195 80 334 477 267 478 175 493 380 308 131 265 58 384 442 23 162 173 472 253 158 27 496 48 13 231 74 306 240 31 332 177 402 154 483 330 186 187 462 104 421 193 398 456 265
422 45 494 306 499 24 420 44 259 7 124 357 353 274 475 240 89 314 45 339 81 131 51 485 129 203 195 92 372 275 377 262 473 17 259 307 280 205 406 474 44 223 394 422 33 74 110 30 395 414 23 150 409 277 145 171 208 198 234 379 354 221 87 326 10 421 267 301 349 488 420 374 401 140 473 96 466 75 110 372 413 214 459 325 446 421 244 63 436 487 488 223 425 26 219 200 114 230 176 300
51 434 119 166 413 45 41 142 239 194 221 74 201 250 485 88 364 60 216 219 82 316 313 16 322 301 55 277 463 217 258 232 179 375 333 240 127 34 52 428 37 147 469 212 346 9 104 356 314 89 223 442 264 339 230 119 453 360 394 485 221 213 401 328 257 184 262 283 221 350 315 40 492 342 91 398 401 207 412 195 16 452 283 255 269 240 194 98 90 417 382 414 370 182 268 476 26 196 325 268
262 243 251 121 213 209 93 370 437 86 341 490 298 85 401 58 218 392 235 315 181 348 356 117 74 99 73 51 161 460 92 24 214 118 63 135 248 350 40 152 390 166 299 260 294 10 351 166 101 222 60 334 13 162 398 317 93 340 53 218 101 6 188 71 77 242 317 407 284 150 407 222 445 335 248 130 404 62 252 275 114 207 453 201 173 201 195 450 45 227 299 138 399 115 275 443 340 360 39 93
51 312 278 281 106 179 115 185 11 148 314 93 336 455 360 336 406 483 128 201 112 279 63 143 287 32 23 223 325 190 277 301 1 347 308 407 159 414 96 152 364 88 237 300 192 138 395 197 144 78 108 227 63 454 352 11 401 438 272 88 280 241 171 141 314 27 136 338 284 44 237 498 23 394 495 362 135 79 107 428 82 495 356 378 489 72 141 415 102 64 420 289 3 304 300 60 379 387 315 385
198 363 325 453 251 380 332 462 332 458 464 438 249 288 309 416 356 87 472 208 244 133 346 243 101 273 344 405 300 306 155 163 378 191 61 140 312 278 444 36 312 383 411 235 471 299 158 4 301 83 316 281 296 56 89 316 317 74 277 203 166 161 284 423 429 111 183 404 150 262 491 247 10 337 464 173 457 403 181 138 117 464 176 366 135 405 85 105 479 341 263 204 319 447 383 336 210 203 330 147
407 172 304 498 191 425 337 472 143 129 4 314 289 118 392 258 150 80 478 317 325 213 269 135 410 452 171 272 209 476 487 388 146 118 433 18 483 466 293 274 21 73 348 146 4 354 463 260 491 359 332 97 499 119 299 425 283 78 330 57 417 102 422 231 472 228 382 105 118 185 93 348 225 316 371 15 76 481 194 141 9 264 158 342 90 237 321 444 411 213 224 11 33 142 182 218 126 470 70 62
185 429 463 322 51 457 464 82 452 154 73 447 29 285 484 349 159 317 496 100 472 472 170 198 393 109 145 434 142 305 275 254 291 327 186 395 416 43 142 110 355 43 203 17 204 429 220 40 437 382 353 140 3 45 26 103 292 365 222 402 192 99 88 481 487 238 184 6 134 467 65 325 306 466 16 27 442 171 107 86 455 305 55 430 13 212 160 75 483 316 412 418 129 488 197 282 83 90 497 269
284 371 359 121 394 55 491 113 74 283 297 209 81 205 25 2 281 192 374 360 107 287 171 180 341 365 275 24 133 130 442 452 356 222 439 99 492 187 343 362 132 335 354 471 134 62 266 1 173 278 115 380 148 222 320 491 456 359 199 202 444 61 312 216 416 214 432 456 401 464 384 440 331 21 455 26 349 6 466 330 166 87 379 257 21 201 314 409 210 285 188 247 58 19 312 212 405 292 219 41
455 330 453 366 437 324 387 48 261 86 87 358 484 115 296 286 233 346 197 114 197 244 418 403 489 234 435 481 274 491 196 404 156 342 6 84 192 417 253 449 75 181 173 341 50 265 321 114 34 376 242 488 152 360 431 260 417 2 71 334 106 309 382 317 352 439 360 284 76 314 41 0 305 2 189 247 473 459 32 410 417 53 284 478 362 281 60 99 56 112 370 169 301 19 422 216 425 192 247 396
401 269 249 116 114 183 421 237 208 47 177 248 142 323 81 215 17 19 375 57 495 150 219 260 476 131 247 490 383 208 8 362 287 68 322 414 171 116 391 38 354 294 226 225 91 254 471 381 467 31 324 152 224 202 2 52 361 474 291 224 29 336 327 166 357 254 429 329 376 106 232 163 297 421 210 143 166 131 406 15 7 70 498 285 288 189 134 460 497 489 423 216 432 249 54 125 97 114 154 131
329 286 43 322 340 171 459 490 314 170 141 94 95 465 298 186 281 450 1 368 290 334 195 324 467 120 430 64 477 154 454 301 475 141 319 113 374 71 377 311 148 463 104 48 219 127 58 120 409 112 94 289 481 325 444 181 340 338 483 111 465 152 102 358 173 188 75 330 373 189 215 148 153 138 87 455 480 280 423 398 385 225 112 397 114 18 254 414 250 262 212 184 19 135 350 249 96 105 290 254
428 9 179 258 460 338 490 265 109 349 416 297 375 412 6 169 323 406 432 111 233 426 486 245 421 130 178 108 473 187 137 481 139 277 81 92 294 191 179 359 403 362 332 377 466 451 129 210 173 174 105 389 117 233 165 128 189 195 231 411 70 207 38 5 100 483 76 340 170 199 276 220 125 136 227 367 154 60 383 146 406 432 415 254 82 336 464 443 331 176 213 317 146 168 94 130 325 200 142 133
133 65 426 134 184 209 131 7 196 486 439 442 348 171 376 30 231 165 202 0 18 452 380 484 321 73 302 327 24 384 24 184 185 27 123 322 471 132 360 221 157 62 2 1 59 291 383 417 187 369 0 462 296 227 462 288 167 494 182 137 5 375 93 216 81 7 4 98 224 38 95 141 221 366 293 177 141 406 349 265 456 331 197 435 118 202 403 105 344 337 233 366 432 303 410 178 140 380 391 412
405 26 437 389 243 325 410 455 337 233 45 124 219 492 428 31 332 16 336 492 326 287 466 227 482 208 185 52 320 363 370 176 328 93 176 87 340 116 140 431 405 165 288 60 188 496 353 219 290 334 252 410 313 4 79 137 175 81 399 254 137 423 254 20 395 71 337 147 310 408 322 206 320 360 466 81 222 196 279 173 287 417 227 117 156 341 94 172 109 202 164 305 313 47 336 196 30 110 230 89
128 138 251 43 274 358 319 388 274 100 57 116 184 142 411 445 316 405 310 466 326 470 312 339 236 166 348 215 373 460 98 221 146 5 189 164 349 148 388 232 35 176 284 469 138 231 86 303 401 327 402 434 264 227 46 450 482 176 325 468 304 263 436 131 320 217 355 52 292 208 370 346 424 345 349 355 300 226 209 288 362 385 234 265 253 233 434 294 436 16 143 64 282 431 403 289 448 191 94 456
346 299 100 449 229 433 424 376 444 220 101 327 257 78 152 210 49 237 392 26 92 120 437 370 333 172 137 309 438 239 255 158 120 252 366 476 277 441 222 291 167 46 452 118 110 464 405 499 471 367 483 441 20 427 64 165 467 442 354 127 159 198 241 94 340 223 379 292 367 320 46 100 18 334 356 166 496 476 340 59 228 399 377 211 107 477 359 435 453 183 301 477 181 312 247 464 217 258 424 118
301 374 489 320 143 483 76 358 373 384 290 332 455 364 155 103 230 181 443 448 37 440 21 34 360 314 224 221 472 223 405 218 375 420 339 83 175 202 224 313 288 481 373 49 130 198 24 466 396 179 245 498 300 345 389 489 81 102 483 428 498 54 235 356 495 148 10 153 348 485 468 404 129 55 321 476 84 342 358 324 379 361 55 37 397 459 392 149 23 280 154 424 485 432 384 415 102 301 203 219
350 223 209 195 327 288 112 469 26 29 406 200 71 25 442 245 171 406 380 313 215 259 349 77 340 48 338 131 229 469 422 99 99 335 223 262 170 310 50 494 330 225 152 165 38 104 205 104 218 485 456 28 239 344 96 260 439 359 123 51 380 102 145 185 259 14 343 474 497 339 49 195 440 275 491 271 1 6 6 402 13 172 440 255 388 140 77 58 142 465 491 474 214 409 64 268 46 47 342 283
478 33 222 80 359 115 237 352 41 204 428 407 1 150 406 148 105 402 407 106 171 348 398 214 106 74 279 434 469 200 278 175 53 462 26 118 479 365 407 65 319 342 142 18 85 379 408 13 229 498 477 400 351 112 316 416 433 460 440 156 15 416 471 321 471 215 449 253 340 310 326 357 478 157 473 65 359 238 477 298 224 18 61 431 90 304 482 463 286 279 469 413 3 292 46 217 223 94 181 156
24 382 254 46 450 118 332 244 109 465 92 468 490 198 437 210 282 176 174 95 458 325 210 430 366 489 338 67 276 48 329 317 137 36 106 408 220 366 177 338 98 377 72 309 21 122 339 226 142 373 254 46 172 232 433 346 372 2 369 205 153 102 418 182 5 236 186 374 338 208 322 99 142 188 222 372 103 1 495 285 182 345 462 481 397 202 50 229 14 399 23 36 6 162 284 458 279 356 354 4
31 417 166 304 210 329 276 204 252 421 353 176 352 1 114 427 117 95 72 241 246 481 431 124 433 401 310 274 230 252 51 360 70 80 169 18 146 210 87 341 332 38 356 398 343 181 8 26 300 137 328 144 485 451 475 341 434 142 427 194 285 41 267 474 151 392 377 220 384 334 178 162 353 334 86 14 141 230 462 162 197 243 412 229 485 62 438 269 34 191 167 13 339 105 494 186 83 102 139 62
366 373 489 227 219 147 271 225 417 431 166 137 351 96 219 439 91 186 59 165 444 233 208 378 137 243 490 261 389 371 330 274 180 152 78 410 413 78 226 70 358 58 286 103 151 200 448 492 112 163 209 87 263 482 18 385 151 74 245 354 242 350 297 288 355 209 272 205 416 465 40 373 380 256 175 121 366 497 219 203 79 318 131 88 444 331 110 165 110 11 240 282 73 170 112 16 113 20 467 371
379 376 12 47 75 413 154 259 134 61 39 320 173 175 235 446 45 163 454 295 442 297 328 337 80 116 33 470 286 245 36 230 371 377 324 242 406 263 455 413 294 178 143 349 301 367 353 11 206 477 50 477 336 58 311 358 12 143 200 351 427 403 240 457 491 489 91 134 364 367 213 350 4 42 422 367 290 31 234 406 259 73 398 290 370 211 325 346 140 173 485 470 201 491 131 307 404 88 326 296
59 467 168 5 13 126 151 20 94 356 405 267 130 296 359 383 279 250 382 431 403 243 382 499 403 366 116 43 452 283 219 268 243 476 173 348 443 425 491 477 55 107 97 200 473 255 328 268 240 146 247 352 266 255 347 130 66 293 91 30 465 482 303 458 373 463 9 226 288 80 288 251 428 61 199 338 66 121 343 64 0 409 55 168 143 357 350 84 111 31 293 447 306 22 291 203 195 480 217 205
170 453 492 376 174 23 288 56 295 135 11 438 38 95 411 328 307 80 459 301 142 18 312 166 490 22 88 189 233 401 141 204 429 22 285 118 488 485 237 325 20 442 83 371 238 139 174 346 463 361 367 305 435 340 183 212 86 422 84 313 129 279 280 26 243 14 326 128 432 85 194 290 439 329 129 204 357 402 123 485 268 460 126 250 411 150 325 312 316 107 95 397 452 425 113 466 117 49 29 388
262 184 463 259 176 52 386 200 125 160 310 406 384 479 423 253 315 393 336 196 61 143 40 185 6 11 154 122 183 223 425 419 193 117 470 17 5 320 307 228 170 470 275 285 69 181 232 21 96 214 192 107 380 451 299 392 163 477 109 498 78 73 371 210 472 71 196 136 409 175 271 184 32 97 341 359 65 187 226 294 60 317 81 361 120 477 82 393 228 242 83 279 134 454 324 397 250 279 255 123
57 236 94 351 476 97 332 57 265 462 230 202 159 332 312 201 474 178 432 33 121 207 425 217 300 339 496 446 112 498 418 25 432 276 109 34 63 424 175 432 306 310 451 434 461 368 403 31 228 422 372 187 245 361 436 208 306 471 354 336 388 438 224 228 89 233 68 429 97 463 307 220 97 48 174 376 211 205 186 141 242 233 149 153 20 0 110 460 423 219 309 445 364 433 139 199 358 10 35 280
146 80 88 76 306 69 436 3 492 330 212 309 473 144 167 0 155 257 128 377 294 34 300 310 344 494 5 127 446 146 153 221 56 119 40 169 249 73 140 7 133 10 495 107 369 166 252 339 263 496 6 275 38 217 453 90 414 120 90 88 294 335 345 246 323 50 279 356 317 266 190 236 98 386 242 231 76 217 278 118 309 152 133 28 255 104 182 355 423 446 334 281 27 172 309 2 49 246 293 79
292 296 239 39 291 12 489 350 393 369 219 235 494 177 81 410 347 108 353 258 48 332 12 238 271 187 246 94 190 344 314 42 466 464 396 9 456 360 153 420 366 86 417 29 447 339 363 488 37 209 37 379 162 266 180 288 191 171 306 418 452 391 453 96 275 187 157 252 152 491 236 246 113 149 223 458 218 190 300 336 99 188 181 372 85 245 90 423 274 372 469 155 244 299 53 65 390 286 162 197
437 95 157 322 465 110 72 168 353 231 430 188 58 458 182 45 142 367 135 385 328 88 157 151 289 479 145 339 451 41 322 110 203 5 333 177 364 161 353 311 406 123 163 102 146 441 377 82 335 160 406 11 397 423 2 242 151 119 204 376 216 271 202 376 91 455 464 105 34 162 469 409 243 156 307 377 157 447 172 216 65 44 20 131 430 168 208 20 262 211 426 124 87 145 471 412 341 138 294 164
1 90 202 349 54 126 176 63 122 241 302 315 383 422 419 142 94 381 104 290 287 26 177 165 355 497 371 448 109 227 287 433 111 234 376 430 147 316 254 209 378 454 385 179 222 336 212 115 173 159 441 369 258 335 351 449 389 474 262 117 195 107 11 420 55 111 486 438 282 329 124 388 445 471 277 24 476 486 303 280 32 374 73 429 137 118 163 350 222 325 359 265 261 373 145 329 198 218 84 51
19 303 310 283 92 347 352 10 46 271 120 182 472 253 138 395 41 109 245 248 467 312 314 204 125 498 462 242 283 231 208 312 429 458 14 136 171 52 458 350 369 123 360 93 419 273 230 394 281 346 476 369 370 184 61 278 87 278 353 471 375 426 116 484 133 206 149 483 491 113 496 487 121 485 232 67 350 89 294 457 118 47 442 495 376 136 253 243 215 76 80 256 214 411 482 237 246 225 111 279
145 276 438 73 389 310 129 391 266 458 12 330 261 90 180 429 65 228 143 36 266 147 362 380 42 181 456 475 449 76 337 5 68 212 69 167 227 9 332 249 234 143 48 32 185 419 88 465 39 108 381 134 84 320 76 249 406 154 207 306 381 198 272 84 447 294 333 360 203 66 218 383 249 70 19 299 164 361 347 126 111 148 469 365 20 69 415 162 376 244 386 124 143 397 339 100 237 17 295 235
381 101 426 497 444 499 15 23 11 235 393 413 130 167 310 229 361 287 145 37 259 193 12 97 127 239 212 146 483 190 284 106 464 53 86 458 418 208 185 395 410 174 498 374 462 86 331 411 387 323 445 25 447 284 65 189 426 143 393 53 420 176 416 273 385 352 314 292 164 43 317 408 101 299 11 480 49 134 436 303 397 289 2 48 252 103 371 447 399 175 138 352 352 2 167 238 3 460 131 342
266 93 234 257 411 223 38 159 285 263 92 250 215 210 325 105 463 139 8 225 424 363 256 175 330 224 443 462 463 99 16 476 158 474 21 307 180 447 248 116 448 387 123 304 347 127 406 99 5 267 471 94 148 481 35 479 57 413 16 268 361 395 364 271 279 21 329 286 129 199 321 238 319 303 380 90 416 477 57 95 41 489 417 231 372 61 427 131 469 98 101 81 282 357 423 488 104 363 189 53
275 2 142 79 291 82 262 6 262 384 184 150 359 307 164 254 115 467 460 498 424 222 6 376 353 72 58 256 189 63 306 497 286 26 390 223 126 270 404 388 217 36 96 82 397 103 233 277 274 327 464 346 68 341 231 305 378 278 433 312 438 230 338 37 244 347 126 55 371 440 245 387 43 198 58 460 12 265 260 110 32 170 464 50 360 303 383 228 273 382 418 428 206 320 213 274 161 405 363 151
143 307 454 478 244 258 217 440 48 121 409 239 373 87 89 473 115 264 254 214 185 307 466 40 258 403 427 352 215 103 161 101 51 291 124 378 353 25 138 425 27 393 474 316 77 207 361 390 286 286 313 10 491 109 256 28 60 193 472 482 135 250 124 28 327 466 472 215 345 14 380 39 454 104 383 368 439 35 112 484 130 63 288 421 88 370 343 358 331 389 69 498 343 439 66 479 0 189 489 204
336 108 281 67 194 95 25 40 462 343 230 192 463 152 250 169 428 320 161 231 204 144 15 13 204 246 229 355 292 372 117 142 118 176 138 147 355 339 333 111 245 496 188 493 291 277 6 101 65 276 70 329 220 123 236 199 77 200 430 150 315 383 228 40 359 487 180 299 415 221 348 322 259 424 486 133 192 139 421 235 344 495 304 34 92 6 116 282 301 58 315 336 135 30 317 221 452 433 180 272
167 171 153 404 74 397 157 36 352 416 195 145 199 346 280 214 393 410 286 495 368 455 109 381 75 64 377 349 305 240 11 327 346 395 206 287 466 433 205 46 119 441 459 324 397 228 447 292 456 412 150 445 382 472 488 356 11 242 289 468 48 201 131 324 82 413 126 94 324 433 490 311 446 476 167 10 396 462 494 467 363 419 272 74 453 73 66 53 474 436 482 126 135 100 322 343 136 497 380 422
250 55 204 399 470 198 379 358 479 131 375 434 276 394 269 337 404 470 121 344 57 97 15 27 298 136 499 367 221 72 291 100 221 347 249 460 70 464 73 436 268 284 324 151 100 491 499 146 395 290 409 426 423 461 326 27 245 34 395 290 495 397 78 347 142 89 492 338 7 417 315 227 409 150 401 446 110 363 355 478 192 474 323 132 326 251 456 147 310 283 220 414 334 76 444 414 188 194 99 434
209 312 110 472 454 250 18 405 93 90 449 97 186 136 7 473 256 384 380 221 164 391 382 33 468 229 348 160 414 185 375 261 374 111 345 192 492 228 463 190 273 288 380 381 122 359 392 286 373 315 296 121 215 102 446 162 154 63 101 117 264 189 389 373 101 151 298 179 469 168 205 311 146 349 457 135 103 396 488 476 191 84 359 112 122 257 293 173 204 311 493 10 56 148 86 431 479 28 145 159
58 229 81 116 191 36 300 333 142 109 12 496 128 234 300 222 61 433 231 306 451 472 167 266 265 342 471 412 78 369 118 143 392 459 458 320 240 241 262 264 472 215 156 468 433 350 365 385 46 492 397 392 422 96 49 47 402 417 419 134 394 205 242 360 405 68 265 260 74 475 387 125 270 228 462 428 192 68 438 275 56 390 444 239 200 36 5 301 360 221 373 482 499 293 325 141 409 68 417 205
187 287 199 452 357 84 499 392 120 377 442 169 47 485 225 373 272 10 83 225 85 485 264 377 42 177 28 12 334 63 74 6 46 422 250 146 451 156 42 43 482 484 295 20 104 400 428 280 192 437 180 433 186 406 216 110 270 492 262 447 109 418 164 281 108 307 410 79 17 165 223 278 401 181 27 308 487 334 141 325 362 329 311 388 133 299 472 490 389 396 157 469 92 7 249 214 422 390 228 192
99 332 17 376 302 215 167 34 301 274 295 10 286 150 329 195 224 205 51 208 291 123 337 77 293 377 186 151 159 169 76 157 363 345 396 182 245 70 146 417 356 460 168 60 151 331 461 55 132 292 241 279 106 197 186 425 389 193 86 14 297 292 362 422 211 487 298 254 315 60 421 4 499 239 28 348 190 391 210 59 110 128 95 205 488 49 470 496 218 218 468 324 165 420 106 321 176 80 178 106
295 396 443 423 77 73 84 126 343 394 146 337 14 130 103 361 237 129 347 416 83 179 59 291 154 60 91 270 2 363 298 494 199 272 55 399 100 417 248 111 7 133 263 353 411 328 274 434 221 152 393 187 356 355 182 400 152 202 334 387 273 348 77 384 76 289 113 226 342 392 393 351 470 166 381 376 385 348 248 297 221 287 387 191 132 41 304 88 144 45 84 36 298 151 391 238 166 24 156 163
464 8 407 63 3 427 345 352 53 155 56 13 94 213 342 127 152 331 334 204 174 461 275 85 404 159 250 125 207 286 20 60 436 109 286 385 205 251 259 131 279 266 478 145 95 326 470 295 93 311 338 242 317 362 475 58 179 395 77 395 452 216 424 402 4 339 150 244 111 353 237 223 133 443 23 377 146 470 294 429 36 54 72 406 374 141 128 374 21 47 189 230 460 247 123 499 360 14 291 20
79 103 84 117 352 315 280 105 494 356 42 101 19 227 217 261 3 100 429 148 191 492 265 350 15 487 419 202 316 123 79 407 95 146 304 128 460 439 100 25 217 12 252 413 233 462 281 153 136 70 272 332 270 355 266 320 373 285 170 185 99 17 380 123 387 118 37 370 362 66 453 279 110 93 428 412 91 134 384 230 328 153 30 250 85 3 459 294 445 96 242 470 25 229 353 263 454 147 423 0
418 441 294 130 23 344 284 466 128 33 385 439 147 307 467 405 314 423 176 402 169 21 374 306 121 87 162 134 224 171 468 99 229 97 261 156 106 47 433 6 185 301 64 486 93 85 283 354 91 394 168 181 147 438 24 286 35 382 286 79 185 194 444 338 454 218 286 286 296 408 385 61 84 230 121 333 38 243 404 468 433 16 83 101 81 33 489 250 17 96 70 386 93 180 263 135 158 278 494 250
419 384 280 281 129 205 166 325 173 405 204 117 68 130 11 98 23 389 495 17 133 170 36 110 104 400 87 61 396 295 124 120 425 332 228 111 466 430 198 49 19 214 499 188 379 176 339 5 361 442 491 251 329 316 334 265 344 406 75 167 280 237 10 460 223 222 46 85 418 25 295 251 179 490 35 454 283 427 94 33 139 374 17 29 287 161 52 79 442 166 489 414 299 16 483 155 246 173 309 363
62 418 337 354 149 175 190 403 313 330 316 403 93 385 399 405 39 28 324 67 303 318 266 348 389 321 63 57 296 62 214 463 62 137 168 392 293 316 275 401 68 258 100 51 350 257 362 136 373 260 47 35 414 289 60 14 394 326 282 418 492 483 21 483 15 464 243 150 407 316 70 135 339 69 47 461 191 444 201 283 205 8 382 75 330 210 218 429 385 409 129 164 304 491 370 445 25 90 263 179
407 330 344 496 180 259 204 408 405 49 470 362 79 269 279 260 381 239 422 298 336 46 107 405 311 347 355 460 466 94 173 440 140 129 464 298 201 104 212 485 410 203 308 338 330 332 341 480 466 301 97 315 296 207 302 305 253 474 220 197 105 200 348 74 89 427 419 389 483 236 14 422 39 33 110 123 26 375 57 137 344 406 281 442 317 168 428 233 238 263 80 480 411 290 258 33 7 188 289 238
213 287 34 290 496 81 496 45 472 225 493 54 476 365 419 53 196 288 189 434 218 55 69 143 82 16 373 361 227 471 344 331 327 382 215 69 99 95 135 334 46 56 263 0 3 291 474 166 221 113 73 189 359 461 170 462 193 126 255 369 441 270 224 20 309 228 411 288 223 23 427 165 55 65 15 301 208 387 251 324 347 336 207 314 373 388 167 287 460 464 287 50 61 284 44 139 396 79 404 375
156 420 62 75 478 206 158 100 347 230 434 480 217 348 216 95 259 392 210 382 364 90 374 403 488 343 289 104 6 12 177 298 405 264 38 190 106 95 371 191 296 211 296 382 75 440 95 265 474 296 209 434 98 487 13 19 498 455 43 489 284 152 82 354 301 474 177 322 462 258 65 3 298 444 53 206 62 485 391 166 2 186 462 414 497 464 351 107 265 263 342 360 301 295 341 405 2 405 317 381
190 171 210 127 439 64 481 235 239 496 87 88 182 195 170 288 372 216 271 341 140 285 59 412 239 472 462 471 178 480 281 193 136 120 187 424 97 410 26 1 486 97 245 473 470 324 391 148 276 443 362 150 222 127 112 225 189 486 350 428 23 262 402 116 362 49 369 296 227 452 378 243 457 352 73 182 199 382 494 80 275 93 58 384 297 380 185 352 421 279 389 123 319 59 305 438 92 4 402 466
41 342 459 2 461 173 485 486 454 379 377 117 40 213 382 288 258 59 408 394 297 233 211 448 78 355 478 155 132 230 88 359 122 381 184 121 316 433 200 189 121 303 486 245 96 253 114 34 367 207 427 483 352 187 341 420 257 216 139 496 104 146 81 483 457 489 451 324 377 259 39 127 98 203 358 333 452 125 457 190 90 382 184 217 407 163 382 355 321 276 274 498 395 268 170 316 69 329 257 88
120 489 19 276 323 67 479 101 460 295 450 373 367 339 467 110 212 243 195 188 3 225 202 100 315 423 407 317 189 116 304 433 163 348 62 379 417 16 290 91 459 483 150 211 320 74 198 121 465 163 388 93 276 365 175 187 174 397 351 265 248 326 277 88 187 435 213 185 241 375 388 333 345 433 321 117 295 361 52 321 305 139 310 130 384 383 331 227 149 106 143 454 403 359 215 296 173 221 489 266
463 48 425 159 283 252 300 446 255 442 406 58 261 42 5 3 23 292 187 471 417 407 203 95 242 497 277 449 123 297 244 14 275 379 223 220 63 35 489 362 277 44 103 79 200 21 189 336 386 359 72 325 413 468 426 377 38 394 48 334 411 224 436 495 450 40 108 411 490 292 79 492 246 313 83 295 239 328 95 376 19 65 354 255 492 97 202 79 194 391 353 78 63 226 318 450 64 11 335 242
445 391 264 448 399 412 120 397 260 202 224 197 122 117 349 458 471 441 308 90 252 139 113 475 271 42 474 411 475 178 212 73 12 330 8 160 306 301 173 130 59 445 328 138 222 85 38 404 389 215 477 312 481 416 401 258 183 333 353 241 316 343 239 468 476 150 490 463 87 146 350 418 168 384 277 243 151 251 232 35 166 475 449 158 112 470 15 167 298 420 410 421 428 170 13 14 65 454 473 321
453 233 256 53 364 67 223 219 299 331 444 120 149 470 83 497 293 254 406 267 322 182 110 148 486 486 99 391 278 48 300 192 460 38 430 136 100 216 86 471 301 280 417 495 281 69 477 470 329 92 244 479 113 252 405 137 426 93 170 281 67 163 477 142 262 446 200 0 449 256 427 291 93 492 370 240 417 201 255 98 390 308 148 469 396 4 61 360 41 486 206 37 288 121 367 469 210 436 357 430
96 464 54 98 419 93 113 413 392 273 15 429 279 259 131 343 428 140 462 371 384 408 0 296 394 36 162 66 162 97 158 287 307 374 196 115 475 84 233 245 31 29 217 177 254 273 314 70 244 337 302 65 201 263 213 482 198 206 100 277 206 159 468 42 416 414 154 342 64 466 127 50 291 315 40 344 400 277 8 429 101 186 384 276 431 469 198 124 404 381 326 457 323 289 343 35 255 13 17 293
323 281 116 304 78 267 297 402 2 265 156 135 303 44 432 283 370 451 203 430 470 272 355 235 371 242 311 198 343 395 134 284 449 147 499 371 199 65 10 113 197 271 119 18 352 369 73 398 47 138 497 328 140 281 362 316 218 40 453 368 207 491 340 168 138 419 18 470 161 146 289 283 310 405 410 133 312 404 46 174 422 9 164 396 246 107 160 26 232 477 324 314 430 204 389 432 425 113 336 494
159 300 217 221 21 70 478 50 126 120 344 262 390 281 233 378 143 231 442 196 309 297 54 457 75 308 293 260 363 128 194 338 204 326 332 167 258 66 232 215 200 11 135 196 160 384 436 182 75 420 412 75 24 441 282 466 485 285 98 337 77 216 26 233 434 140 239 115 147 488 25 396 366 162 2 296 474 308 279 458 199 213 391 310 290 331 432 436 483 90 270 346 255 215 136 149 402 390 491 66
278 377 246 332 360 296 140 11 15 253 243 369 497 184 475 472 471 161 184 428 465 102 340 325 210 389 235 483 390 402 302 195 126 484 460 92 191 161 280 430 73 140 39 190 437 133 30 317 240 4 209 61 303 291 22 123 487 4 295 463 445 331 258 364 204 371 123 255 259 43 360 468 185 432 45 458 449 10 111 43 68 86 60 248 463 399 421 304 200 225 207 196 380 24 352 402 479 225 172 227
424 161 197 198 295 285 241 296 115 315 13 409 378 169 21 379 220 429 67 47 368 248 97 320 122 301 223 114 455 331 15 77 262 181 403 168 198 350 345 31 300 21 306 96 84 336 36 470 430 141 395 269 260 313 414 54 464 223 420 494 443 133 88 8 499 136 298 206 276 16 81 312 145 150 264 305 367 224 489 147 435 256 215 495 13 123 168 252 206 92 241 54 167 325 465 353 229 486 81 221
430 376 143 111 292 30 148 286 252 14 472 96 134 276 82 286 28 104 5 86 153 158 417 205 330 431 208 104 0 96 434 436 323 176 459 304 282 86 332 200 6 78 476 126 112 305 486 304 428 243 155 60 28 28 36 73 255 387 162 46 41 240 227 197 291 278 497 203 313 380 32 254 364 478 229 195 89 288 440 85 356 238 345 13 71 105 282 366 132 472 483 433 432 26 462 382 164 269 426 24
457 257 224 12 132 336 415 57 409 246 111 200 376 186 405 431 315 453 62 309 429 371 199 490 201 265 163 407 32 340 300 41 0 107 398 421 313 363 11 430 129 307 11 336 52 271 29 429 487 166 187 366 169 383 9 305 85 118 317 475 68 266 59 405 402 333 153 410 62 448 120 89 494 431 355 114 17 274 335 32 464 7 11 266 187 238 98 122 66 457 57 498 16 66 224 1 202 301 258 46
404 151 366 123 442 280 326 226 302 166 7 423 299 450 276 161 362 93 471 191 366 363 276 265 73 463 96 236 179 320 311 144 89 107 332 431 255 133 420 247 205 127 388 132 229 8 115 461 428 487 243 193 17 360 7 114 134 363 304 161 385 68 261 460 446 120 45 24 344 422 6 219 493 449 199 156 258 434 313 311 192 163 0 284 352 181 450 5 296 44 353 103 46 313 37 2 35 7 97 139
161 242 380 211 49 12 171 119 457 499 308 206 270 336 129 103 98 309 67 376 437 161 122 298 143 322 225 197 370 310 344 90 207 334 352 90 178 338 116 54 30 145 399 142 172 96 45 430 58 76 485 452 470 144 421 420 433 335 181 306 159 415 291 468 218 382 364 40 451 190 3 212 16 196 225 371 353 9 232 133 72 411 394 85 9 7 145 104 497 206 115 205 492 213 160 34 80 323 111 270
474 168 489 55 431 343 25 28 151 59 195 372 79 122 171 26 441 296 141 379 113 463 490 11 27 205 163 474 407 426 444 380 365 303 102 450 160 57 28 280 247 22 393 164 102 274 361 429 254 57 316 273 18 494 325 251 122 249 151 401 265 441 81 397 354 163 382 169 184 461 165 463 270 380 406 478 19 303 249 12 11 347 124 456 434 411 345 344 100 275 341 287 443 140 167 477 342 280 11 476
261 383 223 291 369 262 334 108 444 452 184 67 385 447 424 355 300 95 417 345 130 301 219 316 474 436 408 375 363 83 183 426 462 108 35 69 144 314 50 308 205 99 90 56 422 339 332 0 29 416 31 250 147 80 485 431 278 247 303 63 170 63 99 317 327 466 160 480 136 123 15 97 275 311 300 9 227 483 325 169 122 221 157 28 430 259 336 416 211 314 305 433 499 457 266 180 243 385 377 392
375 188 15 425 77 141 408 282 319 173 449 261 84 30 432 152 9 145 45 32 206 140 363 365 57 327 231 74 431 203 41 364 237 367 372 292 416 4 319 40 69 411 347 285 299 200 396 231 450 330 487 197 290 58 67 322 181 17 67 26 133 33 280 371 92 7 112 202 126 308 373 254 49 324 224 303 435 315 449 390 358 381 106 136 13 372 208 379 117 287 310 64 485 247 181 123 484 362 138 95
353 222 161 460 149 143 179 59 60 384 421 13 116 14 432 302 262 214 475 90 115 160 340 132 78 80 303 106 123 174 239 204 166 428 348 113 237 155 205 382 128 434 235 331 178 282 311 388 137 30 140 302 284 40 129 112 474 473 277 14 79 109 80 426 405 113 116 235 244 402 38 266 309 266 146 137 92 342 351 329 40 300 419 201 194 72 332 388 363 312 361 457 436 80 276 137 273 31 286 425
294 87 84 238 227 73 7 292 220 363 289 492 89 32 178 245 223 281 115 483 450 157 78 245 343 118 124 352 146 55 365 228 378 266 151 130 490 490 110 101 439 320 54 122 82 47 411 6 136 468 115 406 177 89 34 437 367 25 452 205 277 218 281 291 296 304 118 151 101 4 197 175 365 421 64 212 199 435 212 254 84 18 181 60 195 250 342 477 315 362 282 397 65 9 497 12 410 262 430 277
240 320 206 77 371 335 7 385 34 149 68 368 52 240 383 304 137 108 258 18 420 431 285 86 7 358 286 357 336 155 168 211 348 210 83 3 33 288 98 319 37 479 398 51 93 18 378 106 300 187 458 122 487 403 163 17 213 498 324 30 23 39 60 95 400 167 54 341 390 275 182 209 330 69 114 112 2 152 356 48 255 285 108 126 374 200 148 356 66 157 151 336 97 113 116 338 339 194 137 296
320 284 60 320 28 129 51 174 133 227 62 488 78 154 462 386 390 374 6 243 362 308 409 433 450 277 420 94 427 465 485 156 220 242 436 340 353 201 493 481 391 346 204 199 175 190 46 393 12 485 6 306 103 254 81 173 110 11 197 350 383 40 63 336 207 87 333 41 78 355 280 141 89 176 108 121 51 245 388 278 172 127 341 309 296 191 396 189 93 200 90 49 394 295 2 30 20 184 257 67
492 313 384 59 9 390 95 413 13 213 282 331 363 274 429 351 75 267 467 297 305 61 175 416 2 95 287 17 91 86 341 427 141 185 446 144 374 332 82 433 112 489 73 342 490 415 81 269 312 290 492 135 93 268 18 211 329 79 1 341 409 301 145 412 497 220 424 20 75 9 80 109 95 253 153 194 200 239 284 134 197 187 158 148 351 229 262 5 377 146 136 189 278 256 348 348 252 164 143 286
314 103 335 411 448 78 102 459 43 49 66 27 460 298 114 218 77 43 131 315 137 85 339 468 119 32 287 370 10 429 216 234 209 255 466 344 299 442 383 144 209 114 419 451 214 149 109 184 23 202 290 156 100 3 369 58 309 362 398 290 266 486 332 333 353 164 140 101 224 471 65 81 304 432 486 187 128 401 384 453 498 358 382 497 304 28 44 321 119 497 363 20 115 422 187 26 221 113 194 405
342 109 440 321 371 211 190 289 63 366 13 495 124 70 257 264 435 449 55 15 407 444 139 269 20 79 344 197 186 451 143 275 282 39 147 187 362 446 292 352 322 278 468 18 148 146 411 237 56 286 76 66 412 335 367 479 339 288 345 32 230 74 312 64 374 24 162 434 140 101 463 14 33 108 48 129 313 399 8 405 31 11 203 374 174 67 455 321 151 347 321 161 221 137 301 39 228 216 404 223
449 368 75 115 311 428 463 240 83 459 422 162 6 120 281 294 57 280 408 23 153 490 387 215 269 208 252 320 221 259 324 197 311 33 5 291 319 214 449 303 286 227 492 71 100 205 354 92 14 107 361 367 34 461 193 294 116 319 488 440 447 264 436 3 67 83 462 477 67 385 455 291 442 285 106 437 415 146 254 468 380 107 113 265 463 25 52 50 88 258 455 179 418 332 414 7 182 254 282 353
231 360 441 126 496 139 384 58 165 357 371 255 332 68 0 305 100 134 370 14 277 407 358 279 116 359 22 289 342 446 300 257 149 53 343 169 488 21 227 340 312 307 326 451 222 254 104 375 18 27 305 477 471 229 465 35 184 114 150 383 76 283 367 428 370 292 304 211 66 133 208 446 424 249 450 331 96 53 420 21 359 30 478 16 148 333 470 13 402 44 76 430 216 407 153 205 279 172 416 441
310 302 141 335 469 272 188 319 323 423 266 172 481 374 453 102 97 210 486 489 391 371 25 319 292 271 431 230 139 248 222 296 310 2 169 240 29 359 32 235 177 76 294 168 216 27 442 439 327 370 98 184 447 78 405 215 211 32 374 59 75 232 21 431 173 419 487 37 431 144 405 464 163 283 261 154 322 444 422 52 417 192 433 473 260 394 250 305 273 398 89 205 214 50 32 481 415 359 109 499
468 223 290 345 233 69 453 498 104 204 273 310 45 381 492 357 137 234 389 70 366 296 459 289 486 2 258 499 207 144 87 490 387 234 281 27 442 409 362 455 15 13 29 330 123 377 219 219 426 341 340 96 383 462 229 425 408 307 12 146 318 107 321 284 258 419 173 324 160 327 166 131 74 8 380 368 488 429 101 479 312 318 51 424 346 468 203 49 493 258 283 222 95 39 264 236 277 252 400 152
46 43 295 405 422 144 192 158 124 176 432 176 271 415 266 370 352 288 282 416 174 484 97 382 372 454 396 455 473 376 434 122 268 364 6 377 358 87 378 14 318 384 478 359 241 308 246 11 298 368 4 487 171 320 214 354 70 290 489 71 369 271 455 237 293 466 198 420 192 111 5 121 458 302 256 217 158 387 354 492 104 162 462 395 74 218 327 304 312 332 60 143 17 435 192 145 168 155 143 398
5 327 127 296 409 356 260 364 201 470 181 255 446 219 218 209 35 81 375 419 362 85 487 34 133 3 445 164 12 351 153 246 490 420 281 207 235 168 194 122 76 430 183 267 410 307 135 84 284 291 462 71 50 181 430 489 112 336 461 15 493 141 229 280 345 60 83 115 407 80 423 484 23 131 157 431 299 197 83 486 459 153 185 439 209 54 138 24 369 340 461 63 490 322 118 463 136 307 163 331
137 361 183 316 59 292 310 231 247 18 376 25 384 478 106 465 141 398 392 225 191 59 135 397 377 292 485 383 268 296 23 281 206 423 280 42 44 435 468 485 209 18 119 338 346 375 311 166 448 480 0 53 185 19 411 66 384 208 336 89 11 39 52 251 393 84 479 211 353 213 108 468 87 8 373 362 290 377 436 487 444 83 465 200 175 377 235 498 329 465 54 97 441 226 34 186 493 179 134 314
287 387 236 117 228 50 218 89 237 151 66 375 5 203 443 143 216 113 415 78 431 298 174 105 122 41 187 491 113 429 69 105 282 243 61 149 184 446 224 199 474 387 133 345 143 186 143 69 377 485 190 428 99 60 38 480 274 232 47 150 33 129 219 97 257 20 171 269 428 35 436 366 190 310 391 45 429 469 303 185 114 4 153 129 309 219 241 429 239 13 449 375 252 333 450 389 430 62 286 161
424 166 56 432 419 258 361 92 361 377 356 16 394 264 250 7 190 29 480 469 458 89 245 412 282 37 170 173 361 137 7 106 286 425 224 369 381 68 356 245 118 77 172 305 196 408 219 186 359 93 365 151 366 401 445 365 310 160 239 438 454 126 56 172 448 216 233 194 47 9 239 189 251 477 398 466 312 464 256 473 14 9 24 199 470 306 382 376 158 74 371 152 120 293 217 261 148 318 349 52
285 152 129 290 141 168 422 249 118 186 280 202 54 163 16 224 395 472 185 209 400 292 338 489 140 427 441 130 214 196 497 175 91 121 38 112 395 481 427 218 297 134 93 50 229 450 316 388 228 172 208 412 365 163 302 243 42 16 474 471 461 59 243 462 405 454 225 205 146 166 316 244 86 312 212 396 445 395 182 144 98 117 20 54 304 106 182 255 461 120 37 262 399 487 200 167 215 405 115 135
382 378 17 199 210 183 248 460 192 479 351 147 196 19 45 257 22 428 214 267 336 496 207 43 217 381 476 64 316 223 466 272 105 430 84 192 474 44 495 439 486 286 264 294 306 69 324 210 429 407 181 44 346 360 16 452 497 166 207 264 102 454 220 20 166 242 256 171 13 385 299 431 128 474 87 100 396 424 380 171 395 118 95 14 256 248 109 206 21 153 276 407 187 137 393 58 96 194 180 40
461 405 134 176 113 282 323 81 49 8 364 117 454 378 442 374 127 377 163 18 406 430 303 401 233 241 320 307 302 149 195 224 294 400 291 69 375 102 463 224 114 329 216 475 209 297 99 327 397 496 232 19 133 2 446 160 343 284 229 433 57 440 416 484 341 433 161 211 255 377 98 47 112 220 268 36 223 416 5 298 233 128 469 432 399 489 149 327 229 433 412 395 264 39 168 207 329 101 490 432
304 333 159 486 483 107 453 28 474 430 149 486 11 108 218 341 420 105 328 200 367 335 138 349 310 257 240 345 303 30 265 203 115 298 294 363 258 280 88 283 128 426 61 212 32 55 297 421 415 64 86 380 19 410 136 320 35 156 12 220 126 224 38 274 322 87 76 211 206 268 156 361 71 214 441 371 412 171 152 336 321 65 194 494 377 133 6 342 340 487 481 390 144 424 495 37 9 123 479 270
143 202 410 460 451 91 97 223 80 62 162 224 342 204 376 354 446 372 296 329 265 225 403 250 158 261 290 448 102 171 123 329 157 289 297 334 449 88 200 39 415 75 35 335 378 205 26 413 488 29 270 23 209 391 39 472 352 447 177 208 267 412 485 403 139 234 288 279 187 316 292 290 413 133 27 415 64 50 149 366 391 440 53 146 439 258 416 408 379 281 359 325 238 499 359 43 267 35 116 425
493 253 391 125 138 80 414 67 236 284 387 234 483 327 273 430 204 66 166 494 92 0 355 423 400 114 471 257 249 88 197 363 323 80 114 129 473 348 391 299 488 331 98 480 116 320 318 386 466 395 73 201 206 452 167 329 25 265 493 367 81 27 298 74 56 355 330 123 186 238 126 291 0 38 27 58 496 75 296 56 5 373 397 462 303 119 82 84 203 444 305 298 359 250 211 296 276 34 410 212
491 372 291 413 21 465 351 432 16 387 423 81 452 50 28 32 398 165 257 203 436 283 140 481 352 205 471 37 113 225 497 153 147 68 355 253 470 171 262 168 333 97 381 404 342 499 433 91 6 6 73 381 138 137 454 423 167 437 397 223 357 494 231 23 258 118 395 308 448 252 438 384 77 220 407 408 479 267 188 183 36 144 310 459 472 376 348 475 323 318 427 452 288 448 332 216 370 47 375 189
435 303 191 339 86 125 276 180 64 467 287 262 223 164 35 80 315 81 352 223 432 386 139 144 304 424 158 228 469 60 490 246 442 96 477 301 126 106 6 393 61 124 361 118 335 409 73 13 202 329 344 455 287 67 3 335 406 121 303 262 120 247 85 357 344 297 116 461 349 487 55 135 20 249 425 405 363 438 12 43 42 175 385 135 158 363 499 21 401 152 433 422 94 53 207 377 428 177 374 11
394 495 499 146 58 3 473 76 35 460 25 5 82 312 412 148 340 332 290 273 116 260 122 201 431 222 470 425 259 181 166 227 461 402 186 101 76 103 431 124 376 477 159 2 393 315 114 493 240 65 402 6 354 457 200 295 310 35 491 215 87 1 105 148 82 441 35 121 236 192 19 251 498 4 436 46 143 120 13 316 5 284 276 146 498 309 349 261 12 368 97 156 193 438 463 222 266 116 452 235
428 281 285 326 107 490 352 11 86 481 158 246 275 138 125 355 334 492 337 296 199 76 199 494 339 467 338 173 110 305 286 208 481 98 192 386 405 24 174 11 107 95 116 49 165 166 4 388 335 392 480 220 238 333 418 77 376 58 257 368 237 459 139 462 460 301 20 458 441 409 322 198 277 11 366 249 459 95 486 348 394 358 338 52 434 227 353 356 146 9 76 81 208 291 80 332 132 285 166 302
152 316 449 351 369 273 367 472 356 389 418 310 336 158 200 294 180 497 486 267 217 79 35 142 328 84 249 269 61 309 371 313 24 411 195 39 381 319 126 126 103 146 322 357 75 220 141 193 332 399 126 242 248 421 440 226 17 281 239 209 412 441 125 285 221 123 113 326 289 413 80 13 245 182 126 186 314 203 294 386 209 62 376 441 55 83 30 304 440 394 330 230 383 33 168 353 334 290 399 60
