599 323
768 248
382 893
820 104
524 695
981 895
916 183
8 113
142 147
760 748
533 731
870 188
65 499
598 437
664 210
328 751
869 416
518 850
926 719
731 726
30 930
429 625
32 339
476 747
273 193
457 838
228 940
793 466
782 949
971 967
537 665
679 33
391 688
622 79
274 365
775 12
305 764
985 161
760 322
984 253
874 243
523 897
105 311
532 614
9 733
779 211
429 684
42 266
526 357
213 943
431 828
78 134
252 715
901 340
809 333
79 444
970 729
833 607
794 674
148 649
141 746
770 488
952 738
207 172
898 711
520 850
238 223
738 68
658 651
955 640
430 313
107 535
255 586
995 693
475 387
568 231
51 458
489 854
769 966
222 806
717 913
590 985
564 577
53 955
987 424
103 247
195 270
712 483
97 9
440 756
636 280
17 932
842 410
753 380
19 362
802 333
109 824
883 976
454 45
207 620
404 139
939 929
747 743
951 77
966 491
0 961
796 354
894 976
122 834
561 776
77 511
744 250
528 567
708 713
429 614
736 454
360 544
437 281
589 240
919 5
958 807
792 215
282 501
254 198
24 834
665 985
828 431
709 527
863 883
175 81
373 420
313 643
156 829
697 66
581 696
570 776
127 687
913 362
611 853
158 940
777 376
370 308
519 627
915 20
975 633
645 872
238 725
288 687
789 618
987 965
170 282
960 320
236 822
199 411
38 101
934 411
587 567
93 254
992 98
769 744
62 896
14 716
581 215
295 257
849 554
351 597
361 28
241 254
259 996
827 469
858 553
895 155
495 855
946 677
54 296
216 81
254 990
319 313
154 801
513 485
835 907
931 930
314 954
757 356
637 236
347 141
728 432
941 115
643 87
271 284
898 357
393 459
754 561
333 155
365 806
148 553
839 56
580 860
428 622
559 116
511 37
777 184
115 370
565 862
562 433
520 503
820 448
23 399
677 463
318 470
846 732
748 128
539 309
20 980
803 483
622 957
121 138
9 7
297 656
159 828
46 138
46 227
273 418
614 691
781 589
317 151
547 152
4 407
873 30
409 705
571 178
80 33
813 654
82 602
774 479
206 424
738 311
913 628
856 457
971 369
306 888
255 444
7 443
297 204
137 709
103 847
821 625
872 167
212 201
529 12
699 333
898 509
599 205
890 54
820 258
742 518
691 197
132 755
144 888
669 668
559 774
314 983
694 724
335 431
380 561
214 806
262 380
719 372
509 2
56 129
913 396
777 483
538 393
326 536
68 734
206 889
670 24
399 316
293 942
39 650
676 621
203 935
964 266
151 761
791 968
761 29
426 204
526 514
385 475
65 820
930 715
772 317
178 964
659 273
114 745
398 215
981 769
859 969
99 670
70 456
303 642
801 627
264 4
995 348
753 761
506 733
809 337
912 217
493 54
308 492
861 361
250 484
579 988
560 97
212 708
839 651
20 895
639 290
184 795
466 24
750 929
259 887
237 562
750 427
676 146
659 609
928 131
505 894
577 587
437 431
275 465
977 604
569 740
18 138
650 919
899 278
881 393
631 357
696 519
795 975
106 467
794 913
430 198
701 329
107 268
759 931
322 58
522 956
483 316
416 653
539 690
4 838
401 328
410 876
690 293
530 311
708 638
812 556
761 484
133 22
120 969
219 588
357 29
753 723
949 703
737 305
997 75
698 914
344 944
250 279
894 339
889 881
432 891
16 548
976 503
775 373
62 228
360 151
568 92
224 856
741 512
918 632
600 216
142 212
303 849
90 164
616 680
737 344
991 467
430 167
380 777
418 826
514 39
972 694
983 400
873 284
789 115
962 400
836 616
550 792
457 147
15 93
489 422
283 387
436 418
891 401
23 874
953 356
711 655
929 897
759 749
717 617
769 216
428 648
562 648
965 194
456 748
612 703
547 550
327 94
57 494
923 578
803 603
278 704
54 16
761 101
710 690
366 597
941 149
651 196
735 863
41 636
396 614
443 578
886 705
219 978
56 986
537 462
714 738
777 675
731 605
796 64
959 309
71 515
81 376
475 752
745 56
239 415
69 159
845 34
139 870
315 383
937 843
748 439
659 392
173 684
288 651
975 506
475 635
218 184
981 332
445 135
837 578
267 101
214 423
196 338
383 134
143 36
258 250
893 481
592 281
390 638
367 542
248 447
867 106
800 367
527 703
55 720
755 355
998 926
42 830
555 713
530 49
501 243
817 708
936 953
821 294
596 717
869 399
15 47
146 264
171 465
721 447
491 266
118 390
16 170
418 274
309 514
578 614
566 582
463 732
93 363
599 886
880 895
222 834
258 671
943 785
499 890
555 717
949 194
181 773
345 739
895 444
593 429
465 526
887 754
450 109
766 728
60 765
649 541
53 361
560 596
541 924
865 123
260 215
860 991
433 222
209 23
213 926
165 163
476 16
895 985
207 27
356 882
96 784
557 367
695 812
747 86
246 749
284 338
335 509
927 902
508 408
541 475
147 590
335 203
648 752
764 510
844 176
168 821
235 706
535 374
520 521
178 690
601 317
273 177
716 699
268 714
317 22
467 492
222 176
612 385
212 699
831 886
247 503
483 936
737 142
371 464
221 830
669 623
186 22
522 792
780 430
668 420
260 993
955 502
36 492
992 76
622 361
540 128
51 877
127 107
886 842
219 779
629 903
597 658
359 574
239 876
525 255
112 380
958 620
413 573
551 901
100 285
119 271
672 828
920 256
636 739
759 561
903 935
308 20
130 978
877 460
377 996
162 312
523 363
966 793
353 959
645 312
515 589
767 509
88 272
704 311
84 13
265 655
951 4
314 192
311 632
207 637
437 872
339 18
743 932
603 329
1 52
353 42
367 938
136 100
247 947
359 977
923 895
948 984
967 114
52 740
328 343
819 153
636 925
0 865
718 531
385 112
197 534
364 159
678 337
504 949
174 359
840 428
533 748
204 851
567 415
688 437
595 19
548 917
816 940
576 510
159 190
651 637
406 248
524 461
806 704
78 538
831 684
84 213
248 238
305 35
391 494
971 609
193 10
51 39
16 286
461 405
713 243
307 996
81 51
626 302
46 389
543 179
853 263
7 857
579 588
72 84
577 948
161 918
959 216
363 406
112 583
436 182
587 263
276 180
710 585
184 372
434 169
633 461
906 137
778 13
641 739
988 17
461 387
650 218
898 77
822 563
775 117
335 208
20 205
729 960
11 952
547 413
355 506
464 826
319 940
693 32
355 116
927 992
105 210
353 233
232 327
711 663
690 924
455 560
181 157
758 540
75 874
943 16
787 477
716 132
754 977
28 345
218 339
199 312
255 585
243 919
108 514
512 21
828 546
422 328
432 317
883 983
104 545
680 774
754 86
505 746
234 847
983 617
998 534
293 461
48 510
163 983
741 254
349 640
575 606
741 450
190 258
163 631
315 761
655 16
626 542
410 218
595 497
545 125
297 738
840 138
458 668
216 910
892 925
443 280
348 857
947 844
132 839
290 768
102 543
682 847
139 721
521 227
149 545
65 904
805 218
68 137
531 387
689 365
821 240
687 816
330 330
959 965
497 787
881 937
412 850
426 512
975 385
542 12
349 66
103 313
359 179
748 10
376 618
91 372
203 430
19 904
848 171
126 686
640 988
857 324
679 255
709 556
415 314
695 857
744 866
986 310
423 698
721 20
49 282
977 617
845 944
815 126
665 110
619 493
738 257
173 821
589 756
207 672
66 936
491 617
135 625
707 405
102 367
751 839
200 440
66 557
297 645
131 707
392 829
810 635
871 13
963 383
787 519
749 489
37 376
645 9
25 193
710 830
967 178
2 902
535 57
757 966
217 911
671 742
858 986
309 644
911 131
997 641
782 23
729 112
546 725
570 166
868 518
723 714
823 183
404 262
302 522
648 567
653 849
192 870
547 100
857 956
36 347
586 528
976 965
100 962
543 123
409 776
323 932
528 58
337 242
479 807
513 274
857 78
535 400
714 33
175 692
41 641
674 471
128 366
124 776
413 384
185 907
316 142
287 999
613 831
7 735
605 737
954 779
208 798
615 428
686 364
375 233
284 892
185 210
691 843
134 376
211 143
803 983
590 529
29 4
936 86
8 328
401 349
642 87
646 775
780 61
974 228
99 442
310 921
895 764
436 352
829 332
822 167
109 671
415 889
470 1
610 137
571 239
429 845
260 479
248 910
295 457
54 46
704 265
696 573
508 84
396 436
179 859
693 256
821 514
135 991
882 341
466 481
95 976
233 798
41 769
549 468
542 873
513 391
508 817
74 745
182 951
600 115
238 236
560 713
797 660
811 627
222 85
640 511
622 217
11 200
922 607
542 888
669 290
510 499
127 76
167 976
424 524
852 133
792 963
564 741
951 998
577 724
874 872
322 10
48 170
300 7
247 148
237 701
482 152
166 971
826 805
146 979
857 699
824 948
102 441
276 462
485 244
714 188
362 844
173 311
129 981
594 291
425 944
892 414
431 828
836 705
581 324
324 358
987 197
507 132
37 199
230 273
497 720
571 295
882 646
578 387
417 889
170 904
944 755
22 736
490 717
144 399
562 414
31 49
474 278
704 837
189 344
244 847
478 65
32 621
767 493
545 645
606 717
425 846
872 338
958 313
906 622
730 134
818 889
14 606
886 72
813 914
710 79
425 607
830 181
770 683
285 672
552 183
899 983
578 984
481 734
580 218
668 35
236 140
674 513
210 357
99 182
909 203
448 908
945 507
770 450
489 78
427 158
852 553
334 747
221 115
299 16
136 724
567 94
800 310
539 738
448 674
106 379
791 505
77 870
272 769
400 214
352 824
802 585
879 801
632 37
653 770
808 826
373 335
940 6
549 658
36 377
851 972
996 642
625 15
840 961
248 65
166 471
170 161
673 988
991 627
303 483
169 567
815 849
209 668
388 555
879 33
188 760
638 505
959 402
933 753
129 503
31 279
868 346
693 472
189 6
143 919
394 904
178 746
198 68
538 984
72 602
92 790
979 587
23 479
523 197
171 377
752 264
68 292
594 925
285 136
118 820
934 274
313 436
921 13
332 737
582 489
418 890
241 418
886 694
7 864
909 13
747 814
34 972
781 840
504 627
312 395
422 262
317 489
276 538
542 371
526 309
406 964
555 129
64 148
306 767
444 15
277 611
668 192
750 978
739 623
722 327
945 278
969 924
699 842
629 201
893 490
343 268
15 696
393 549
794 875
689 156
755 497
837 796
634 465
514 731
725 750
162 327
144 207
306 361
796 462
12 931
211 756
303 181
34 733
116 969
197 385
730 438
85 436
579 244
695 58
720 837
841 315
827 581
689 656
474 913
82 692
673 81
247 720
705 631
845 951
328 461
873 487
711 289
541 426
898 462
866 893
448 437
570 341
902 310
405 700
950 688
179 817
800 826
84 8
329 181
766 849
726 998
162 435
709 714
409 972
169 645
559 647
200 593
16 729
821 193
976 180
602 376
719 296
50 486
527 211
804 644
51 346
932 965
269 157
932 774
440 852
805 548
587 310
753 344
879 630
247 242
170 692
291 116
227 716
261 492
831 69
400 390
406 470
72 598
541 365
851 707
211 107
397 435
94 152
776 974
709 852
906 653
580 885
541 179
334 97
236 312
119 344
683 303
740 409
44 125
503 76
940 485
451 64
716 439
269 907
677 890
843 166
739 933
420 259
805 413
144 978
181 843
343 995
609 456
170 909
439 352
80 40
602 727
167 371
269 131
350 621
778 391
480 515
160 232
112 721
613 383
647 242
32 798
844 582
629 597
848 536
164 569
521 916
577 602
547 740
558 612
80 395
112 325
733 645
466 506
460 262
249 774
928 509
383 744
808 581
411 965
260 544
491 883
458 939
709 102
265 418
71 493
462 266
672 525
523 756
664 388
958 448
823 209
142 944
251 307
911 474
209 895
481 42
452 470
295 702
923 522
534 885
214 941
415 195
730 511
503 628
240 961
479 501
700 750
192 328
411 321
277 37
107 775
782 679
112 489
760 336
0 317
862 468
740 314
149 887
723 88
826 133
720 981
411 454
980 725
719 743
545 474
942 772
15 626
501 428
167 889
25 290
882 905
707 144
230 133
66 320
439 97
307 244
753 746
360 862
132 878
934 222
283 521
336 688
185 993
188 563
376 634
524 949
205 655
445 783
694 766
453 327
586 285
694 276
31 664
921 754
29 31
206 6
221 198
186 173
848 256
366 576
825 40
203 965
951 435
91 17
839 105
741 297
377 340
823 395
766 237
887 253
637 885
359 690
611 798
240 18
455 871
208 920
645 429
473 992
300 308
968 277
99 113
973 929
378 336
895 750
258 375
567 130
463 320
31 776
21 602
425 974
219 1
558 667
19 24
444 892
580 311
215 993
890 216
415 692
874 541
706 792
807 184
403 612
313 618
81 52
911 185
589 521
901 261
667 22
171 471
778 712
652 473
320 62
886 292
9 440
17 519
641 734
798 544
951 411
677 270
369 523
655 397
485 434
685 997
295 864
80 620
582 589
126 98
145 327
112 852
827 987
790 87
166 734
574 185
446 582
756 437
352 3
274 789
993 173
641 611
350 30
611 858
710 732
380 948
355 811
583 646
703 862
48 161
388 738
461 91
408 998
376 595
382 448
484 730
922 248
9 190
785 516
297 284
824 261
740 216
915 220
272 218
641 392
856 637
924 742
34 254
965 778
354 58
602 143
701 650
460 947
829 392
587 432
939 111
399 569
779 101
697 115
755 899
850 418
419 953
924 183
386 887
775 109
469 23
838 473
613 369
248 978
875 405
779 518
512 817
316 244
962 652
178 815
501 206
17 536
848 192
649 235
130 671
40 868
765 930
467 262
186 778
605 35
478 964
63 438
735 392
780 354
759 732
722 522
975 416
959 562
697 663
185 774
74 168
403 315
578 304
679 48
827 772
379 530
220 815
946 583
203 490
418 196
338 388
234 837
661 659
669 239
536 309
757 958
978 910
874 575
532 34
427 195
666 443
174 257
617 325
314 193
31 315
604 302
623 250
690 351
904 906
249 741
92 17
46 259
299 426
347 727
291 590
731 159
750 402
500 124
279 534
549 829
303 270
967 471
899 30
359 845
826 291
37 153
171 749
856 914
61 552
171 119
548 990
822 907
405 774
187 678
751 189
441 27
818 983
937 112
633 32
658 631
861 694
883 669
925 868
578 141
459 647
565 601
994 405
305 466
283 64
515 575
689 609
958 233
644 442
218 469
0 19
932 944
274 483
541 938
575 618
110 47
865 173
958 18
609 566
315 88
317 243
46 347
366 561
981 201
811 300
833 713
96 809
83 636
889 98
266 832
52 959
618 402
968 208
51 561
232 49
11 47
54 788
4 795
18 942
578 168
695 420
423 993
684 808
255 579
246 554
713 959
381 205
941 111
173 992
472 817
302 453
601 867
479 990
266 367
683 779
172 496
5 338
166 842
437 611
99 73
388 113
666 190
452 830
659 241
534 822
529 503
514 139
243 112
395 656
872 582
199 165
217 936
550 770
68 393
340 869
762 415
831 585
418 324
81 825
342 547
900 676
249 112
91 511
991 159
144 132
886 528
853 578
522 751
131 817
671 337
13 392
507 62
877 480
797 369
352 112
540 427
225 931
170 483
829 569
855 863
361 719
631 587
945 963
845 460
247 423
51 789
74 144
647 186
82 785
922 970
39 465
324 711
648 0
269 728
913 416
789 501
766 400
724 693
931 990
425 773
677 930
855 908
273 74
950 351
2 33
465 417
497 519
112 472
86 258
865 163
348 629
549 811
538 917
558 7
661 783
223 781
524 198
12 467
818 519
708 871
860 711
856 71
60 361
451 710
314 642
682 395
664 371
6 156
599 831
87 46
884 61
704 167
997 822
39 692
750 901
897 924
988 742
358 119
139 564
713 715
264 688
207 254
195 906
325 957
963 608
942 148
846 387
300 241
446 87
333 20
747 242
723 259
687 670
24 211
963 917
522 727
312 162
985 500
562 307
116 306
450 994
664 184
518 931
555 616
899 51
975 464
794 7
433 787
383 141
26 138
227 966
151 114
203 241
351 566
116 295
201 605
966 899
836 854
582 738
635 441
154 63
390 960
663 748
759 515
230 803
582 29
892 312
678 344
225 273
978 833
132 530
993 988
691 720
899 658
978 267
189 565
0 518
626 476
663 392
800 736
18 47
630 494
998 83
468 186
123 369
324 440
154 136
579 931
963 668
611 13
290 818
795 303
703 574
13 238
749 102
626 475
231 493
989 83
911 691
213 489
586 608
700 604
765 102
724 804
82 576
659 469
892 451
242 604
477 557
754 283
62 671
943 110
158 506
485 579
616 956
816 768
535 773
256 711
828 467
467 212
918 38
146 377
270 209
851 739
246 580
665 728
749 992
636 946
909 990
795 853
70 144
482 40
634 721
360 827
517 924
755 760
486 319
447 545
693 611
868 460
373 98
74 331
528 6
780 878
170 778
614 415
181 678
122 564
261 468
833 449
112 32
121 853
976 960
331 284
77 263
586 354
221 502
894 0
329 927
272 342
76 173
839 84
238 116
342 810
954 780
883 907
170 400
65 820
10 466
632 13
829 18
718 198
352 441
637 589
621 686
503 185
130 43
533 22
925 448
707 743
901 396
196 90
79 336
89 398
962 651
779 18
447 763
565 884
607 550
754 342
149 547
480 911
161 181
223 537
736 185
732 161
359 854
763 659
88 609
312 596
326 822
392 554
529 500
565 947
512 331
224 204
893 630
923 58
89 501
396 218
562 216
105 810
376 157
235 926
567 136
375 604
991 554
823 175
225 916
125 313
684 586
732 329
283 466
642 759
728 366
158 177
584 854
455 452
913 678
243 201
537 562
63 18
875 731
241 289
339 147
399 576
984 727
502 202
390 129
222 558
241 805
433 307
37 632
976 370
882 736
706 662
129 601
584 397
412 532
508 345
144 292
241 589
581 500
705 715
38 522
145 212
305 302
164 330
782 673
634 474
312 437
923 701
675 75
914 551
738 227
195 692
380 686
722 538
705 954
418 742
98 738
99 766
279 382
85 67
161 647
513 305
423 741
73 741
555 72
552 123
404 663
305 689
639 17
966 574
651 348
68 652
959 300
206 868
7 395
72 891
287 986
19 883
427 372
320 21
734 912
920 993
168 202
756 465
672 23
249 389
897 283
988 883
834 106
917 180
129 280
924 315
62 222
861 734
943 190
387 576
58 955
723 836
743 638
958 407
282 645
963 595
83 940
132 310
405 535
366 823
453 665
612 197
851 904
151 826
113 354
773 273
963 843
736 667
439 118
653 635
759 874
502 234
239 179
66 153
8 562
880 384
711 101
713 209
750 7
126 490
761 17
513 552
457 11
659 272
633 906
953 746
670 816
762 976
583 283
523 579
978 521
378 382
149 463
180 497
999 496
307 151
197 112
937 569
772 170
915 273
303 387
981 930
389 346
329 153
766 84
78 992
479 494
261 52
548 101
864 689
339 207
732 913
109 948
381 15
124 816
843 471
124 795
99 569
520 533
400 996
417 655
920 205
938 818
352 784
122 661
673 102
27 988
814 968
295 521
714 4
900 289
784 827
675 94
864 509
613 211
618 494
564 245
18 873
48 964
711 302
816 490
397 308
644 168
42 124
766 310
116 278
249 921
33 800
515 897
532 426
881 413
729 492
926 927
13 775
963 883
583 69
776 575
864 691
222 391
766 729
442 532
941 39
774 581
624 679
767 891
431 830
849 863
392 891
36 867
761 888
484 320
965 894
964 924
788 416
366 192
796 653
356 156
281 494
198 567
472 481
610 858
577 11
27 336
245 250
231 93
258 569
358 82
179 707
923 582
713 210
547 535
523 862
106 477
105 534
509 431
477 844
500 886
123 983
184 17
911 60
559 831
697 640
243 642
405 883
923 549
810 583
123 90
966 455
445 281
188 823
607 968
381 481
585 426
155 582
345 17
310 580
911 176
509 578
610 923
205 523
831 478
217 711
770 506
277 567
818 187
392 830
443 736
531 306
543 607
276 69
581 964
376 885
918 684
287 385
420 181
703 447
891 812
583 567
666 685
303 784
644 415
514 662
757 460
623 747
265 764
390 270
956 366
882 353
727 860
905 462
511 839
26 717
440 326
24 131
544 624
101 637
523 344
201 345
76 348
442 39
30 111
295 189
0 558
836 349
32 302
542 116
183 901
527 928
811 45
421 15
174 771
21 88
24 195
20 696
630 882
807 825
790 914
540 50
871 257
455 44
679 559
463 657
664 741
813 106
842 58
680 333
216 953
241 313
662 940
274 343
249 60
47 400
354 812
75 706
937 753
686 832
362 75
834 901
834 481
648 599
701 918
393 176
698 802
754 97
888 971
423 198
875 784
232 569
624 588
771 114
608 76
489 639
322 414
122 639
445 647
156 896
368 850
851 541
851 671
820 956
199 209
243 747
421 952
991 891
738 540
612 323
71 989
232 811
762 611
385 466
62 88
782 291
242 83
956 385
360 224
396 743
39 278
984 418
389 677
711 518
958 284
813 535
378 857
737 336
656 601
875 76
830 361
697 971
204 897
557 903
999 794
228 927
928 485
733 620
203 346
340 768
5 834
871 311
780 438
609 739
726 457
34 531
369 844
501 174
503 950
882 9
56 126
943 996
419 427
988 716
657 630
885 480
867 851
733 467
126 395
524 781
84 259
135 717
346 567
875 276
680 992
452 365
325 713
888 843
580 429
983 333
602 30
547 866
402 694
580 526
927 800
245 500
60 948
55 529
768 97
372 638
306 875
540 105
561 110
150 150
813 260
889 956
406 463
164 818
780 576
146 713
982 990
101 309
772 111
433 806
752 93
934 230
1 213
525 200
992 951
350 529
778 936
987 553
592 357
682 6
527 613
119 918
580 226
287 442
452 792
332 452
727 941
214 747
778 139
666 363
224 569
989 167
596 366
112 563
849 986
286 927
488 303
616 801
869 330
245 675
222 951
686 762
908 607
864 502
698 254
29 117
480 494
598 958
873 637
681 63
435 317
908 474
975 300
960 124
974 316
169 335
668 212
868 280
885 721
886 546
217 22
866 94
85 445
498 369
99 576
182 202
75 298
456 881
585 534
878 891
551 932
568 56
596 75
145 599
328 129
513 695
711 149
104 591
543 155
75 957
465 932
36 201
560 257
613 411
502 295
994 38
71 949
829 314
38 656
135 425
12 364
724 701
770 303
565 913
337 287
407 895
452 507
8 354
272 609
633 705
459 659
250 209
370 889
780 932
193 439
53 380
121 249
776 619
575 355
231 640
125 125
301 682
305 441
250 853
797 761
865 784
100 72
701 560
812 367
640 603
648 971
588 213
869 7
595 245
340 395
643 488
194 391
262 673
960 717
113 600
843 351
761 83
54 102
643 543
789 937
507 249
517 659
935 986
340 596
32 423
139 946
260 875
135 616
1 285
395 153
745 13
454 366
289 467
954 166
535 997
450 696
163 833
971 314
882 226
405 130
273 258
269 442
577 632
877 749
202 598
356 197
880 130
317 46
768 310
855 440
764 352
49 861
931 527
633 234
46 43
156 482
517 118
306 759
199 575
321 876
597 163
786 308
328 592
759 798
471 646
514 791
975 329
586 108
654 81
406 328
821 122
260 321
770 594
923 128
781 586
822 141
282 261
320 144
415 365
647 496
39 608
640 548
494 426
646 678
518 575
232 124
265 638
547 453
409 232
819 804
159 190
196 180
326 355
120 969
441 142
837 9
925 438
217 464
224 447
454 124
933 437
44 441
744 198
6 462
780 699
40 204
341 20
953 393
101 524
444 112
44 395
152 967
629 775
745 358
29 432
948 137
630 774
612 196
499 193
578 161
402 705
730 102
597 236
571 296
282 25
368 327
78 80
350 971
666 626
267 723
276 423
483 515
542 9
824 403
537 321
485 629
198 369
523 770
10 670
992 612
81 495
304 762
224 149
836 757
274 511
782 879
404 886
590 113
470 679
838 923
291 98
784 167
0 856
34 642
80 726
352 914
639 706
305 249
571 253
227 833
272 386
889 611
286 562
647 514
190 688
914 156
729 274
430 575
372 911
591 783
70 881
20 427
943 827
685 305
462 325
490 509
677 13
377 334
120 611
989 181
655 310
437 457
676 27
910 680
196 194
601 562
922 274
981 279
763 984
949 386
304 700
887 962
984 226
69 480
497 391
234 246
538 898
876 85
120 42
487 85
197 711
227 990
100 17
980 139
461 399
10 768
154 501
820 765
594 454
997 86
372 908
268 522
778 827
154 409
187 810
339 773
368 368
63 293
470 207
189 547
805 538
105 743
369 88
558 101
269 259
110 166
871 60
10 46
630 593
52 447
685 719
788 609
409 481
852 63
281 831
55 635
401 281
787 613
353 666
39 72
600 441
102 785
512 351
858 311
633 68
456 155
449 892
715 356
183 246
481 958
177 620
55 347
261 754
168 455
604 464
174 73
807 511
830 814
18 708
414 180
806 228
860 928
383 565
195 187
940 251
270 615
797 834
429 79
754 233
435 205
811 424
63 277
526 837
33 338
402 126
572 108
443 707
963 641
436 788
777 295
276 489
252 627
605 586
318 109
107 801
212 290
896 738
680 787
891 318
972 522
792 657
180 638
947 631
320 531
188 512
483 899
100 854
195 175
980 925
231 812
266 70
661 615
217 711
706 666
642 510
221 101
685 194
906 455
232 593
662 827
838 754
764 370
470 562
914 964
838 269
500 853
69 84
890 670
477 701
259 448
305 852
116 110
314 927
340 323
351 833
359 227
122 454
582 873
647 379
776 82
256 873
455 202
452 427
17 721
361 328
707 327
363 689
539 545
618 389
765 124
259 328
841 177
981 642
847 401
722 895
910 979
946 941
489 208
335 966
955 569
53 612
501 439
581 499
411 446
703 812
737 738
76 447
1 612
749 742
332 998
233 896
918 393
312 303
528 557
150 310
335 634
598 287
740 318
424 774
595 644
558 251
128 958
185 474
364 298
26 572
561 949
378 377
370 147
363 685
530 535
818 603
117 677
300 5
6 935
210 969
274 817
81 528
148 934
410 715
328 390
99 621
648 510
713 398
98 504
720 147
901 11
916 369
543 777
190 203
731 622
853 611
849 246
160 628
108 396
474 165
406 656
534 494
176 749
174 500
187 172
607 720
52 991
775 372
636 572
753 544
960 181
879 316
988 970
753 172
306 789
170 154
784 757
202 533
930 872
326 413
800 190
85 938
989 854
540 178
831 506
362 268
454 118
936 897
12 752
656 428
148 650
581 21
275 946
643 169
66 775
178 150
540 910
414 938
524 654
137 553
692 268
888 887
426 952
920 972
491 191
732 257
896 160
203 922
715 953
609 172
856 85
115 396
138 420
838 540
716 586
213 749
137 817
221 787
57 474
368 319
777 203
583 503
774 757
349 468
842 64
284 235
607 108
564 534
249 118
805 168
910 811
364 978
574 913
675 477
281 948
775 170
9 126
12 410
110 692
794 720
186 52
893 110
148 558
434 501
541 731
623 686
307 604
378 118
174 465
691 504
748 669
952 812
602 664
178 280
289 25
935 417
962 719
191 830
802 968
729 514
613 367
620 963
650 987
353 868
623 640
602 594
635 120
491 674
476 242
833 317
493 245
750 775
600 302
782 670
424 965
210 509
999 661
69 397
27 503
682 212
210 551
588 455
303 505
15 700
579 749
902 294
467 240
757 843
811 376
479 746
387 392
169 942
925 383
477 111
114 791
331 894
834 240
863 953
533 454
444 773
246 649
123 242
340 473
856 294
752 451
145 583
160 949
766 436
717 339
509 651
319 657
287 103
858 890
763 252
75 529
429 490
398 915
837 15
326 649
909 982
80 413
813 365
144 576
901 700
988 220
149 885
573 290
921 45
286 678
389 83
951 13
442 214
440 953
141 333
561 51
137 366
166 22
14 981
411 138
973 743
582 325
292 392
11 783
595 276
240 304
233 29
157 163
65 530
991 331
183 631
64 159
524 1
836 866
1 264
722 520
522 6
60 961
72 363
526 774
768 235
452 112
507 930
23 335
63 657
276 654
224 75
133 731
461 503
907 74
624 89
319 466
168 299
11 391
860 510
439 345
870 385
961 239
18 985
779 885
858 59
509 40
718 847
472 127
241 425
840 600
858 457
511 317
892 33
183 459
727 444
38 474
939 361
474 464
35 965
615 671
565 492
667 26
364 615
589 520
691 723
153 463
854 908
542 887
506 311
773 610
197 701
415 700
49 759
454 257
234 987
763 474
19 122
463 921
462 56
446 842
756 962
881 434
614 244
914 107
125 440
713 691
95 277
196 925
952 727
629 158
187 404
144 610
97 31
749 461
196 15
756 606
389 493
497 870
513 734
594 71
141 228
713 796
748 491
231 838
496 902
290 376
553 825
192 950
484 730
867 123
790 684
546 93
520 554
226 116
793 144
638 874
296 133
564 835
181 172
113 437
1 321
853 386
153 431
716 672
583 139
53 547
769 990
922 165
277 236
938 244
237 498
80 484
277 197
456 90
810 655
763 580
433 830
223 566
365 130
777 934
36 514
567 703
115 286
586 912
330 596
218 231
623 726
574 893
858 130
306 712
578 780
389 762
878 156
539 103
758 666
872 373
728 134
403 719
756 977
650 70
575 394
582 712
959 464
400 378
217 209
660 16
660 464
112 480
532 246
52 250
929 563
360 793
186 188
115 232
437 310
956 272
116 857
20 772
282 403
163 19
815 23
793 678
541 140
153 171
520 876
0 555
711 306
424 0
822 404
658 578
628 251
756 705
330 639
254 707
179 676
752 373
392 789
294 612
757 987
39 629
915 453
931 544
247 563
798 247
969 250
772 871
486 525
70 837
52 545
728 544
824 627
606 754
523 777
197 306
2 399
363 511
613 424
23 600
459 929
979 785
556 376
395 42
325 259
320 264
713 809
282 227
426 664
334 796
363 274
330 564
742 765
440 980
932 122
139 411
82 630
244 341
489 371
481 734
44 970
591 753
201 787
725 106
46 29
659 279
671 59
772 99
259 485
499 708
8 354
913 214
173 248
625 185
292 102
379 304
711 687
568 961
377 68
898 372
990 5
508 719
697 603
870 121
903 344
884 355
874 284
416 220
466 673
193 197
905 588
845 28
333 756
454 295
665 669
312 523
283 393
760 177
357 830
59 482
571 836
560 306
363 699
378 210
973 958
40 705
579 717
700 842
949 874
900 612
138 593
9 206
953 815
538 407
543 821
56 36
30 376
378 214
49 822
821 37
129 948
695 413
693 283
780 764
760 874
629 868
708 310
273 872
716 391
822 468
283 929
657 681
109 1
688 226
306 157
632 79
575 857
967 981
319 335
409 743
671 698
62 447
366 944
407 304
844 659
834 110
911 282
277 646
443 87
960 96
156 522
132 795
860 685
749 605
931 414
594 312
542 708
765 148
177 983
172 246
232 974
399 513
30 938
277 663
721 924
919 296
232 202
846 208
419 183
447 960
784 868
447 937
839 367
211 560
461 834
467 723
911 202
688 33
728 58
915 908
159 377
381 563
390 420
2 585
349 538
585 201
192 994
553 643
39 379
356 870
557 699
962 348
976 986
450 193
394 160
68 726
229 184
91 214
227 757
569 839
31 865
319 283
931 328
100 760
580 904
793 16
868 737
13 874
558 751
76 37
228 810
242 499
31 3
709 841
577 599
91 32
554 995
437 670
479 813
773 437
226 959
164 979
48 833
521 673
494 291
135 164
818 758
767 586
921 6
178 431
166 884
566 476
62 277
791 753
257 331
879 863
444 924
240 32
371 447
20 77
76 867
904 791
751 382
570 158
897 197
176 337
846 905
422 419
608 910
797 313
684 241
341 556
167 40
585 904
307 193
971 325
878 749
456 767
4 402
588 344
452 589
871 655
683 64
20 237
518 4
252 618
425 327
518 516
101 902
909 994
55 684
486 124
670 621
32 889
754 107
207 540
815 902
557 819
85 119
902 680
437 308
207 666
653 550
46 534
747 684
295 686
316 644
664 884
320 411
221 491
902 237
318 331
386 18
86 904
351 919
608 834
638 925
741 329
235 555
739 131
218 552
676 129
885 191
762 471
656 910
407 857
904 264
431 980
447 377
239 896
741 77
922 156
346 826
779 871
335 254
705 108
260 568
91 748
912 498
888 12
801 706
925 25
77 712
165 871
912 318
850 853
488 780
316 301
739 634
540 222
36 151
238 583
305 546
342 927
499 790
372 250
155 312
54 192
561 698
762 906
303 638
884 374
144 699
150 915
743 757
891 829
280 43
55 477
775 601
956 166
21 541
217 751
358 233
154 986
3 353
875 739
487 130
836 24
246 129
158 684
278 472
696 951
403 793
9 215
821 919
405 416
208 452
639 756
385 253
658 707
779 364
526 790
117 546
28 954
240 889
334 491
780 658
306 994
24 819
518 225
623 560
529 52
949 898
560 766
42 56
340 661
631 931
440 905
989 131
142 137
135 189
902 458
97 925
919 234
525 803
408 778
986 956
4 589
95 402
979 370
291 23
771 652
359 872
871 360
661 591
16 143
622 538
471 261
760 478
411 843
883 642
956 416
559 781
410 357
861 302
259 733
360 93
521 913
330 109
374 644
465 578
36 681
285 645
428 94
250 162
636 353
219 672
201 357
858 331
976 286
887 935
455 224
776 39
759 712
135 270
843 774
897 208
309 362
580 88
750 368
60 619
876 939
721 563
483 528
605 726
557 241
496 418
289 822
528 368
313 394
245 216
662 843
617 144
3 503
986 866
297 888
639 853
823 174
729 235
23 144
685 800
48 247
58 787
680 158
786 857
118 801
309 746
964 61
82 672
21 859
336 704
405 948
193 785
503 479
219 439
490 498
855 299
614 208
669 422
270 770
595 288
581 0
281 184
321 394
245 245
228 689
359 253
778 933
704 170
614 174
15 608
423 202
313 125
866 752
77 116
380 386
576 347
992 914
525 784
128 95
128 731
976 170
799 239
243 70
271 718
765 40
98 314
53 493
407 425
174 773
792 682
31 838
561 944
176 956
333 323
969 989
237 592
656 886
730 876
210 385
533 164
181 637
527 37
705 45
884 502
37 281
157 951
322 991
430 802
897 327
481 379
379 485
651 843
136 376
32 34
742 639
345 225
140 780
902 993
249 566
536 797
631 740
523 487
981 835
517 883
187 99
390 819
750 366
175 534
549 416
515 445
412 981
868 46
732 420
858 540
391 699
272 434
938 676
153 307
350 43
12 887
437 476
5 895
438 608
1 539
451 531
940 779
600 427
582 925
37 754
89 121
324 488
165 679
779 797
285 723
838 649
406 677
28 822
978 395
796 393
552 142
409 210
608 26
231 392
219 62
332 343
830 635
458 425
445 366
151 0
609 220
726 508
464 379
279 440
126 270
104 254
403 629
372 692
672 441
396 989
661 573
332 908
883 778
556 743
15 818
914 516
625 996
259 566
826 429
239 60
701 295
548 429
735 469
784 494
657 877
749 818
438 547
158 613
214 846
207 397
914 761
877 215
467 498
228 611
438 58
371 684
77 888
538 707
698 976
626 868
258 279
771 754
357 643
694 196
410 376
414 621
866 755
903 897
679 156
987 682
722 687
74 546
860 28
120 628
514 244
229 906
380 940
4 545
2 691
34 540
317 568
499 267
373 587
66 116
22 684
862 912
740 121
501 819
863 263
903 252
734 927
732 864
477 113
811 985
483 257
542 703
888 700
888 501
608 647
295 450
796 958
471 366
895 546
886 432
210 423
403 748
303 46
624 3
822 770
29 292
120 661
982 736
212 277
880 810
169 848
825 422
886 688
43 339
769 679
172 232
825 508
572 453
949 385
657 649
934 561
1 329
101 544
99 621
441 704
132 440
507 895
868 800
155 957
754 664
594 622
5 957
586 714
792 990
11 705
907 315
433 508
38 50
820 439
199 377
555 34
783 893
333 862
537 26
447 980
595 85
816 240
538 88
579 517
970 15
524 556
525 689
393 868
968 466
886 528
716 610
503 857
666 633
803 742
116 962
661 543
239 388
831 987
462 233
880 112
505 56
559 644
910 128
587 502
968 805
113 140
915 892
295 601
407 675
712 443
303 571
684 80
197 547
180 589
133 543
990 505
3 557
950 752
579 352
66 131
662 566
976 731
96 430
563 35
230 574
957 560
912 130
236 376
491 105
530 119
691 13
779 954
187 364
265 680
959 999
105 160
19 715
565 189
637 723
175 859
221 247
559 477
413 592
736 512
851 580
758 485
423 581
821 143
146 887
80 787
414 718
827 533
198 302
290 774
339 702
443 593
726 157
980 409
270 756
808 521
883 705
96 522
728 706
234 237
237 763
150 995
548 705
956 329
977 16
506 963
853 504
261 322
182 79
376 679
256 936
548 585
349 816
696 909
120 986
118 327
853 486
836 254
44 226
373 806
191 843
802 67
422 149
485 548
584 467
483 168
27 163
9 52
953 254
668 577
262 307
613 155
839 244
490 111
49 962
676 924
378 825
608 636
836 264
374 955
119 793
992 858
959 153
860 814
276 168
480 334
123 175
628 389
102 652
168 181
520 162
114 754
773 90
953 734
80 392
146 818
963 681
642 450
75 88
633 118
912 900
476 992
382 523
878 204
304 186
776 347
559 823
628 500
596 301
529 179
263 161
611 39
288 976
274 803
815 221
7 922
263 259
744 611
670 462
777 115
195 563
823 617
652 58
57 418
277 702
500 226
710 341
479 469
111 33
893 922
715 750
561 427
22 881
250 785
222 376
900 633
215 137
578 780
425 320
828 659
239 220
167 766
880 964
435 599
132 282
363 530
6 187
221 11
245 155
349 758
63 962
325 869
958 172
588 980
161 72
993 327
837 311
126 238
802 587
909 455
411 346
594 564
935 416
470 28
916 315
740 946
918 345
841 910
527 815
794 91
106 301
851 553
292 248
806 3
190 745
374 150
77 393
73 490
50 601
948 551
687 566
731 567
139 724
164 982
828 389
126 721
217 941
161 74
432 729
362 313
196 860
125 90
208 526
405 968
95 63
383 405
476 454
127 895
550 347
73 312
450 813
181 121
755 930
454 961
967 117
216 537
896 789
291 53
944 486
158 736
65 156
85 425
833 970
660 601
696 804
166 250
457 626
144 606
913 153
223 923
768 607
846 293
288 338
143 139
412 6
799 47
128 128
645 598
584 66
544 945
691 989
879 518
15 126
240 944
646 543
569 730
582 429
528 270
882 289
79 572
347 890
869 315
245 917
567 754
930 524
585 491
437 969
241 395
754 906
374 908
936 215
744 184
640 417
779 962
287 229
684 285
721 639
874 280
246 819
242 786
399 182
429 117
479 215
551 479
148 815
287 745
77 605
565 642
316 43
173 767
650 838
361 52
771 777
911 760
59 969
245 276
447 979
887 554
901 597
255 216
51 984
607 548
425 970
839 792
179 239
10 933
861 347
257 836
328 549
264 399
444 224
21 185
867 992
246 948
593 583
451 250
938 409
945 936
85 539
136 355
156 360
314 136
964 748
212 234
928 695
493 912
414 988
673 477
522 396
538 866
929 581
862 854
290 541
719 14
892 636
982 42
770 212
296 146
658 883
137 341
869 466
119 757
409 892
280 627
41 866
53 256
758 605
590 601
264 608
980 700
885 108
196 104
330 704
284 52
987 803
380 220
285 240
454 289
316 466
437 989
824 823
724 863
366 750
598 886
102 542
609 926
117 212
436 158
545 251
814 380
645 481
985 127
193 358
549 583
878 356
784 893
490 986
530 252
136 519
30 890
20 357
327 435
258 646
158 285
953 743
365 504
603 238
996 799
882 96
164 854
650 920
999 658
74 685
226 267
659 364
116 702
631 540
706 757
25 961
237 777
667 714
732 927
625 313
233 809
746 450
72 384
898 223
93 615
957 136
14 262
498 668
95 464
89 45
250 597
673 610
365 867
423 382
429 946
44 442
337 843
85 426
86 53
405 730
790 479
887 145
442 105
793 757
247 340
104 258
289 237
292 758
902 799
164 898
232 775
435 784
547 876
34 338
194 796
876 819
352 647
903 880
194 720
39 336
677 111
419 693
323 594
113 330
521 656
20 795
874 481
438 176
439 635
847 785
500 424
290 617
459 173
929 505
649 245
538 495
337 443
335 559
606 829
873 434
338 747
132 46
49 921
297 210
624 830
879 388
51 900
918 383
19 253
427 679
948 750
372 811
355 896
186 250
806 170
959 96
223 733
353 992
487 993
664 556
582 462
772 837
566 249
586 68
603 197
778 348
273 592
102 806
887 508
625 994
257 776
196 886
309 122
690 638
273 564
876 223
632 62
782 734
156 978
32 843
662 986
107 423
101 240
428 434
241 683
541 112
350 322
557 444
874 568
996 408
204 538
692 742
180 392
662 865
548 266
901 968
189 256
428 678
300 276
406 856
352 551
249 534
981 796
395 872
619 133
330 119
398 11
37 527
559 209
295 548
869 204
871 117
624 899
496 51
713 892
148 23
482 927
586 279
178 869
548 481
934 353
869 471
24 513
635 176
219 349
504 170
890 207
152 616
720 450
429 699
784 374
117 469
25 194
586 276
878 700
61 798
322 356
45 478
497 888
127 375
525 417
578 44
419 89
630 646
370 347
924 804
697 730
164 587
691 775
290 899
817 142
183 820
262 353
386 305
830 462
223 123
712 783
770 376
81 574
506 789
676 665
163 494
94 315
668 520
858 373
344 666
94 440
444 707
426 271
825 73
748 438
663 308
374 800
909 769
18 264
835 749
133 714
815 308
31 92
76 53
882 854
168 296
94 163
834 367
443 687
86 460
784 815
402 638
637 460
137 716
83 844
556 37
751 324
884 975
464 721
840 615
582 504
271 658
509 869
344 234
772 861
91 700
127 895
165 949
198 533
582 427
201 418
428 648
869 848
118 590
167 744
648 917
474 322
120 145
613 818
308 747
957 328
101 734
259 329
419 717
568 210
22 370
104 509
773 850
553 203
899 474
452 801
586 607
879 561
149 135
198 747
798 362
563 564
80 789
380 412
337 986
976 349
414 923
974 239
330 6
693 535
600 199
99 926
861 170
374 47
300 41
100 403
883 987
698 719
884 254
884 989
350 485
733 301
279 501
545 592
671 747
350 744
768 939
642 484
420 327
614 145
858 432
492 222
324 780
259 925
835 795
301 635
34 572
960 339
718 463
750 274
215 874
527 839
513 669
32 288
500 182
964 582
394 762
785 350
453 467
305 479
781 420
570 324
544 73
489 388
359 269
430 364
343 254
660 586
761 753
737 420
196 479
411 24
413 748
285 617
309 378
820 748
345 589
330 15
202 809
380 465
853 927
978 17
448 71
212 487
281 331
644 344
747 943
520 51
398 979
148 9
364 970
233 157
937 726
462 452
930 728
491 38
709 179
531 602
49 627
970 802
387 589
457 125
332 878
768 333
228 646
607 41
12 592
160 658
666 557
271 176
897 161
613 201
97 698
627 221
954 334
506 298
127 662
984 597
600 408
558 58
802 247
142 979
699 644
428 571
930 626
111 6
653 408
961 997
787 6
909 460
821 487
612 612
67 495
280 103
570 963
680 907
398 501
587 676
708 533
470 580
466 203
79 429
531 284
213 180
661 204
269 907
866 312
708 454
915 129
731 1
406 260
349 259
920 219
718 568
614 804
518 742
73 965
540 63
957 880
243 180
18 795
281 803
389 245
477 101
616 954
444 608
229 100
280 309
988 650
352 583
299 217
477 73
381 701
83 454
820 329
15 229
86 718
312 817
407 848
361 559
480 759
660 808
436 284
840 292
180 875
378 816
227 71
885 347
809 162
256 418
731 32
932 980
796 665
803 988
732 3
420 700
673 192
62 127
357 598
504 453
247 631
662 928
961 341
955 179
559 882
10 68
578 0
785 365
968 666
662 581
724 897
772 812
368 383
427 356
336 160
774 854
601 164
261 557
185 28
129 686
317 358
647 861
49 569
423 887
43 445
293 547
746 338
793 536
469 432
587 190
668 732
614 644
866 251
377 108
615 132
440 326
946 106
825 928
525 929
425 365
986 499
24 216
200 757
799 497
376 178
681 66
5 448
14 988
100 460
504 471
584 731
410 864
566 159
152 617
63 555
769 81
657 536
605 915
782 668
304 618
95 766
823 107
887 168
471 250
42 172
717 962
496 809
569 843
130 830
490 495
306 601
781 338
461 264
58 445
939 605
186 817
998 659
76 287
160 198
21 698
671 46
146 129
571 162
136 357
324 709
59 27
884 93
465 334
41 36
454 569
611 681
93 104
436 354
215 223
105 568
611 246
403 830
367 172
170 625
429 143
949 416
658 496
456 562
858 984
356 551
748 522
596 477
730 816
704 506
315 627
254 877
679 477
334 285
422 820
193 465
214 410
14 80
541 614
766 662
90 715
972 352
901 25
572 920
790 36
725 829
195 746
822 239
395 363
860 58
283 235
828 709
590 117
948 456
266 253
112 416
146 52
318 744
35 917
779 995
778 259
831 740
336 36
915 696
718 370
705 376
126 657
962 593
733 543
286 905
866 910
306 594
580 297
101 744
817 284
974 619
830 893
741 395
573 249
867 32
557 808
621 327
142 629
774 361
328 522
957 669
122 490
960 574
582 571
278 927
574 120
618 526
689 505
776 440
186 574
292 818
529 990
950 130
276 735
707 613
7 252
858 816
100 805
69 318
202 387
57 494
121 76
877 849
118 247
600 607
93 881
839 79
226 428
440 592
758 542
619 745
584 352
617 641
815 638
86 190
299 697
308 177
415 461
251 470
649 861
151 836
391 743
627 517
203 493
266 127
146 331
874 963
838 984
910 534
728 223
889 766
248 742
362 477
179 315
211 385
186 950
79 871
17 370
270 490
603 518
582 393
235 77
58 970
308 693
606 626
372 187
312 146
204 739
468 148
268 977
470 153
828 296
843 277
7 696
556 278
415 217
874 903
107 712
437 310
366 699
711 755
367 226
603 324
987 621
611 62
153 553
125 781
211 600
377 698
774 757
551 711
62 696
87 544
514 269
848 969
946 768
951 612
249 15
615 199
630 553
982 531
568 330
213 204
928 656
906 576
572 145
731 101
564 836
531 950
226 875
248 38
229 945
822 929
312 894
275 824
715 327
176 997
221 169
161 279
50 491
20 728
505 935
290 674
430 420
773 605
168 416
357 19
141 178
8 948
291 69
274 911
93 108
603 29
789 92
307 800
545 719
861 32
252 734
829 665
264 107
314 652
789 360
893 936
809 813
535 504
180 332
184 841
581 293
89 780
812 265
53 521
469 253
185 289
925 116
937 339
956 61
159 599
323 784
897 892
811 168
725 743
44 384
113 644
506 321
829 101
179 444
531 431
504 101
148 433
597 716
502 246
776 685
162 399
205 559
76 729
638 873
321 34
200 559
599 964
296 383
708 634
688 274
586 307
936 388
951 744
74 894
670 34
981 469
593 411
424 157
246 559
247 143
439 143
570 316
226 354
109 12
886 351
310 887
438 163
313 173
91 374
675 596
689 564
726 695
17 338
848 34
109 746
473 22
309 834
662 22
965 594
962 818
883 776
430 422
739 465
980 479
73 313
498 582
744 860
399 446
802 971
711 456
552 149
921 218
340 208
786 218
946 989
701 516
136 2
939 814
620 310
891 603
117 71
286 233
452 214
206 257
199 996
669 829
894 104
988 580
997 240
737 741
180 436
532 60
310 310
387 23
106 231
658 906
726 116
259 815
529 568
349 969
789 825
948 887
483 404
870 83
405 831
775 644
836 289
946 824
290 978
132 147
669 168
705 28
87 275
359 613
448 740
931 522
278 641
523 311
376 768
293 699
139 461
647 865
288 985
317 958
230 726
464 271
994 269
242 407
905 9
814 342
631 834
146 615
766 501
319 788
765 570
286 906
203 410
98 753
275 793
113 277
576 23
245 758
90 326
227 532
218 381
948 910
972 46
498 8
714 323
45 230
1 880
103 233
840 280
191 552
295 448
307 722
32 479
260 846
660 247
409 47
847 254
928 155
116 572
853 904
742 421
953 376
568 187
53 601
78 700
239 135
523 881
986 24
953 651
506 187
643 927
933 862
587 851
442 758
167 255
973 81
68 877
627 797
925 232
621 45
137 497
579 540
515 72
386 362
103 254
258 869
522 533
408 540
25 810
43 807
217 967
867 88
710 818
159 566
447 504
952 203
742 11
156 710
365 129
62 639
340 42
280 222
642 45
925 513
802 871
312 791
10 352
31 436
729 728
878 560
951 329
892 499
455 840
573 978
57 591
311 64
103 997
189 155
592 177
71 735
249 920
327 787
695 742
805 753
996 808
126 659
911 236
256 878
156 665
559 817
77 296
153 44
503 495
36 590
763 843
666 824
685 737
515 864
217 285
649 401
655 916
120 905
976 638
484 345
80 380
511 479
627 670
822 855
10 335
440 547
67 870
628 52
452 451
158 953
17 37
736 585
654 497
673 584
960 904
4 280
831 427
255 996
737 897
0 419
381 100
824 877
749 424
592 593
317 719
768 960
947 793
138 985
425 230
43 490
335 734
36 663
973 98
699 875
179 355
200 221
948 465
212 827
691 317
237 631
593 716
966 609
381 924
657 619
638 372
53 89
103 658
409 554
3 980
199 649
132 319
749 760
936 180
191 161
190 185
676 20
796 796
265 28
803 611
305 866
182 377
871 109
325 857
361 336
666 919
314 115
361 584
678 75
429 108
198 543
355 550
750 391
59 553
45 101
548 787
280 468
777 206
814 270
458 322
779 326
525 394
189 154
59 217
334 549
944 863
625 4
912 67
202 907
85 282
99 464
914 337
180 648
304 145
529 64
196 43
952 918
489 41
830 470
589 366
883 353
711 56
749 464
885 388
654 89
43 221
447 441
681 539
120 292
382 64
852 144
920 575
91 876
318 621
415 954
272 895
29 333
21 169
641 525
365 777
8 520
433 63
415 82
47 978
460 539
513 827
777 927
585 693
251 474
939 313
872 536
47 763
554 845
905 989
418 291
163 684
437 512
595 529
332 434
971 620
785 124
968 800
283 276
873 42
518 397
829 546
130 723
355 595
485 116
221 860
431 71
834 329
192 826
838 933
970 36
403 777
811 113
967 296
583 378
623 77
665 448
5 277
833 589
920 670
625 976
380 755
277 193
371 920
819 593
805 767
853 459
53 346
150 215
407 547
801 990
794 789
713 645
65 718
184 702
555 14
777 520
129 102
403 268
119 435
560 552
631 514
321 512
841 585
81 942
258 372
655 209
43 355
840 760
737 203
19 238
809 775
567 662
888 35
215 997
310 796
980 399
600 592
995 256
250 683
916 667
73 333
625 807
378 88
718 809
734 66
776 94
61 841
619 400
214 158
442 354
100 190
899 156
679 170
68 144
744 974
41 209
400 436
55 651
338 963
124 802
967 203
518 393
171 227
668 309
859 128
620 350
385 558
757 457
342 519
531 29
707 723
195 889
160 230
504 179
286 354
627 692
912 35
433 203
706 844
518 444
665 637
112 604
372 62
994 275
719 616
9 332
111 922
327 33
939 736
551 174
614 171
782 201
878 974
99 630
676 800
375 405
954 517
205 307
625 579
842 619
410 239
343 685
922 663
382 569
901 900
361 850
922 67
337 749
426 966
752 961
769 356
486 848
382 331
877 676
343 610
687 407
951 406
881 467
828 210
773 761
18 204
234 249
236 527
864 59
26 533
818 369
712 701
399 195
890 527
696 969
678 808
171 94
886 125
687 208
463 188
226 174
487 920
519 947
893 937
531 722
268 317
333 318
933 437
490 131
510 961
663 113
671 893
791 421
320 509
350 466
206 91
326 858
834 928
657 489
645 812
112 271
939 162
272 615
302 120
34 307
184 95
676 226
686 233
628 987
967 622
834 510
92 184
521 844
470 131
554 211
761 428
202 120
756 429
592 264
611 756
131 407
354 689
83 942
770 788
809 995
561 891
999 171
765 268
180 259
387 675
843 116
146 728
422 364
192 40
517 413
329 523
173 628
320 808
211 866
365 131
64 917
517 449
487 112
934 483
767 852
124 560
724 814
419 613
924 958
478 582
392 576
729 919
716 650
837 396
598 140
323 699
572 526
223 44
179 304
345 275
277 611
105 105
918 755
360 603
755 942
556 382
695 198
67 307
86 8
598 181
507 464
580 926
121 648
387 284
297 461
834 983
186 20
818 247
818 584
288 333
914 570
252 432
355 967
648 829
728 536
983 298
917 524
183 699
135 904
251 997
613 755
677 637
683 780
280 534
909 577
383 8
467 601
626 385
981 932
650 17
724 370
161 832
969 771
339 497
997 553
816 373
810 881
252 385
108 546
269 670
90 885
938 186
234 55
395 620
100 267
49 759
741 297
769 623
347 640
512 727
389 364
216 374
243 592
828 599
600 893
904 986
864 579
492 49
613 274
653 604
501 627
716 220
483 910
842 183
776 624
646 949
101 457
422 328
407 344
216 848
301 96
33 644
791 347
423 622
655 295
480 203
230 267
882 331
229 618
465 398
630 657
134 62
72 86
874 896
627 638
199 956
175 96
538 496
737 405
446 304
896 832
399 160
947 640
374 950
886 917
185 871
905 110
459 818
967 378
864 890
73 89
402 605
423 361
551 764
872 275
142 829
283 20
822 581
790 466
869 782
403 223
447 765
187 397
914 916
658 701
153 567
244 466
952 392
504 366
411 237
118 954
832 635
864 967
990 649
441 456
562 766
62 687
74 78
230 86
539 907
211 218
397 273
723 858
763 545
746 711
233 406
354 974
519 222
208 975
12 272
7 923
321 526
858 426
267 314
96 815
729 264
522 379
468 974
366 439
761 26
936 250
892 951
560 130
424 704
357 978
447 99
509 830
37 827
881 254
637 380
614 783
660 857
845 281
180 803
738 909
616 243
745 982
151 482
752 520
363 707
562 828
852 765
466 330
75 911
59 870
323 879
180 439
818 999
123 403
412 789
716 660
875 343
880 630
600 777
626 261
832 963
932 807
687 645
414 954
217 295
178 454
935 663
608 929
9 502
951 773
551 984
213 80
93 587
994 254
392 698
382 715
61 345
213 146
307 41
577 99
843 594
810 476
915 522
166 577
425 558
814 80
414 203
555 610
24 922
216 644
274 551
822 498
25 508
417 533
262 416
408 715
801 526
109 855
95 592
223 981
178 37
885 182
687 526
77 489
614 348
23 639
183 324
180 282
336 351
422 836
964 578
184 126
673 48
769 964
458 971
185 481
467 644
116 24
701 456
671 933
805 944
469 885
834 602
235 429
29 56
616 71
457 150
515 981
558 143
659 921
668 995
673 364
846 18
358 518
531 421
793 125
508 738
604 756
527 538
600 233
455 242
595 939
278 115
874 841
249 580
452 946
631 765
921 610
50 202
764 665
292 820
125 627
803 839
692 133
203 587
446 55
769 419
37 349
345 356
16 997
837 364
568 650
637 943
861 150
810 17
150 570
795 21
874 951
859 564
968 472
457 957
369 385
314 117
791 871
68 682
577 454
282 693
83 934
934 76
351 956
430 424
301 942
353 213
1 580
481 819
717 176
300 902
764 109
790 843
481 346
743 882
807 182
260 471
828 752
176 799
389 900
168 549
982 372
539 244
109 118
901 743
456 821
428 645
20 377
243 719
316 683
384 120
863 338
841 395
276 59
299 536
151 268
48 943
446 951
88 458
593 728
809 584
846 606
970 687
429 68
992 511
633 763
685 138
108 21
288 767
481 308
653 359
187 12
316 82
675 744
155 194
289 229
739 342
208 35
719 588
0 591
154 746
324 393
553 711
657 789
480 647
936 156
613 834
710 11
411 178
930 152
948 289
92 363
488 676
366 890
316 943
796 173
507 825
647 850
352 142
390 126
192 381
458 275
127 466
425 578
295 796
295 440
594 657
209 953
556 601
619 629
220 532
239 4
756 620
13 702
698 796
276 201
625 874
365 257
34 356
358 735
870 863
900 313
415 335
98 278
432 347
96 343
211 290
839 492
560 344
899 800
678 166
223 461
216 253
905 267
992 693
414 514
31 736
583 269
666 570
432 607
433 783
574 670
493 662
92 39
231 192
935 581
691 620
616 250
865 678
614 451
165 878
659 46
644 267
848 432
655 710
85 138
558 770
132 969
627 152
231 640
519 27
340 837
403 724
140 101
797 318
706 91
58 357
323 419
294 562
902 262
164 790
598 158
821 961
750 305
875 338
804 672
545 359
548 809
78 958
517 350
867 551
630 483
328 165
559 905
518 112
502 32
419 584
969 609
798 982
263 391
845 539
866 673
776 835
263 779
827 561
713 410
823 930
78 203
549 769
691 255
573 304
560 302
848 864
622 618
297 416
758 916
219 764
249 761
873 271
165 708
450 869
80 137
820 914
705 890
293 162
751 8
634 337
570 622
100 473
992 408
220 682
910 546
358 251
471 521
520 874
977 311
894 843
837 307
850 489
332 407
538 441
925 501
695 134
488 152
611 327
793 830
47 811
956 64
270 82
985 716
942 710
921 196
917 413
362 162
865 630
987 298
114 104
930 394
343 966
168 523
536 283
452 365
166 160
792 643
591 96
185 319
10 130
258 675
748 815
113 850
271 265
520 631
286 398
686 465
647 736
846 674
480 671
873 821
63 371
206 799
126 183
72 620
536 287
887 920
524 404
785 520
555 355
661 786
728 259
595 46
418 730
930 162
609 474
158 963
679 226
486 264
538 410
658 729
932 39
96 387
468 231
437 798
985 669
172 151
398 394
134 108
126 147
237 917
278 11
451 558
934 717
788 732
785 158
400 50
162 812
911 335
912 614
628 738
324 287
519 794
459 483
397 42
116 625
33 367
52 155
127 939
325 606
974 649
41 347
574 679
37 71
970 77
283 827
24 134
521 163
249 631
140 301
874 546
911 105
635 497
277 400
185 79
219 995
933 792
188 55
100 13
300 959
104 518
728 155
724 365
522 913
378 996
843 323
281 191
388 197
680 506
809 776
605 65
961 627
108 550
876 155
505 158
896 56
182 170
882 79
712 53
404 444
283 35
103 530
772 56
984 346
119 525
988 434
659 557
946 708
101 569
292 884
515 951
146 773
307 46
436 730
654 602
751 395
205 150
956 524
555 581
299 829
80 123
353 568
390 392
849 362
306 225
561 260
93 936
460 805
670 138
940 817
313 96
988 947
79 402
133 612
816 884
187 59
48 998
801 291
813 846
859 920
756 367
932 340
504 291
688 559
682 7
450 440
194 223
961 837
878 984
593 254
849 915
91 774
383 743
39 139
521 467
415 782
831 282
373 394
519 596
481 949
554 738
919 963
890 815
218 437
6 733
658 271
226 915
868 398
850 933
437 122
639 183
494 803
429 13
513 679
523 486
929 788
352 204
896 574
502 174
643 58
309 70
840 537
821 260
901 800
273 826
191 822
493 68
601 452
645 811
970 19
569 875
217 672
347 862
614 691
938 52
572 389
411 868
641 990
404 951
432 522
978 508
234 764
808 882
830 631
890 914
648 777
393 486
829 201
499 32
281 759
65 773
753 427
316 275
227 237
505 278
2 554
795 735
765 354
21 944
330 783
699 63
244 860
300 244
679 593
412 12
271 820
73 745
914 448
140 940
321 945
728 467
824 971
436 659
234 700
367 401
289 163
805 145
824 78
199 503
374 836
268 252
722 870
262 752
822 346
473 890
218 153
359 37
415 94
141 866
269 988
843 964
722 394
766 992
344 790
363 491
525 219
985 746
721 834
35 853
302 756
259 289
751 872
398 513
169 202
238 249
692 124
721 251
33 288
870 97
455 598
351 799
78 746
89 568
221 177
31 594
739 931
815 611
956 197
709 278
158 275
151 234
171 922
36 597
327 452
69 504
680 205
448 471
782 581
607 413
118 48
291 522
828 960
336 420
723 57
534 7
520 285
298 686
829 193
630 370
104 435
40 786
879 67
731 294
348 687
638 47
100 134
256 662
123 815
678 843
352 760
963 313
775 819
649 385
195 113
547 420
767 260
778 905
531 982
228 460
804 957
509 350
596 725
586 793
194 850
599 429
65 894
676 819
813 647
409 58
442 18
857 894
318 301
319 750
520 971
725 421
383 20
225 94
405 906
692 179
880 625
428 52
55 281
329 825
652 73
723 980
423 612
475 644
926 684
784 200
328 97
893 878
393 117
772 226
951 203
854 845
56 864
717 483
183 202
125 83
529 190
403 854
928 652
602 183
289 824
442 32
996 503
332 966
118 446
861 135
491 515
270 910
749 200
615 496
217 296
76 728
997 588
669 6
367 546
65 125
60 359
268 679
225 354
373 680
353 690
891 894
780 672
269 94
824 679
563 460
718 186
801 918
33 152
614 10
760 870
758 835
645 877
787 249
97 273
494 723
747 396
499 946
728 834
496 461
963 809
455 735
5 880
415 797
720 504
173 416
872 335
265 8
294 781
248 690
931 505
570 513
146 93
861 769
87 680
94 277
53 971
273 555
606 257
239 361
574 490
754 789
262 956
155 352
396 198
979 530
255 950
735 748
623 705
923 937
714 118
829 39
580 994
293 857
933 229
128 594
630 260
767 652
705 631
800 578
135 761
801 367
873 774
70 160
0 471
862 147
552 708
494 128
91 716
682 884
898 313
602 480
409 284
687 868
690 309
668 344
129 367
111 540
195 403
400 621
626 431
607 753
445 544
318 841
287 456
97 320
33 11
82 74
593 921
430 981
975 191
647 546
423 602
781 382
791 412
709 627
449 964
788 957
222 912
461 922
682 527
568 212
731 799
770 358
356 281
700 852
880 242
308 390
886 837
544 451
247 775
805 93
192 484
107 149
772 541
836 732
969 754
215 435
637 727
516 63
167 165
99 319
139 926
526 73
836 927
536 242
361 917
65 234
323 716
76 887
138 644
115 26
358 696
770 818
74 998
426 288
859 889
893 74
34 122
39 491
395 215
488 977
155 599
670 941
972 840
540 911
89 274
617 545
670 533
485 738
267 837
265 279
647 547
444 406
673 576
265 709
867 933
2 648
876 424
551 626
844 443
315 987
473 451
423 753
564 57
80 2
411 613
313 650
487 127
520 966
532 445
482 232
378 865
377 895
339 331
756 357
467 221
982 480
574 496
484 180
546 898
606 552
515 547
53 222
569 90
553 113
967 548
818 104
831 909
134 499
630 653
25 385
798 135
293 951
986 264
525 399
51 836
166 209
160 703
538 240
667 50
726 917
341 210
230 859
991 487
260 557
65 352
279 746
16 248
688 832
994 159
449 331
659 211
512 136
613 693
256 398
761 830
302 832
758 318
828 421
884 154
9 490
467 288
670 464
877 376
366 608
751 0
700 583
830 404
70 559
673 684
7 517
769 860
620 663
781 288
138 90
713 233
58 965
782 324
101 541
819 943
744 173
318 279
318 673
244 944
221 249
315 892
162 384
656 609
385 728
184 989
214 314
16 594
947 621
735 397
942 321
967 82
960 797
966 154
667 650
659 732
653 431
579 731
646 826
727 454
275 73
968 667
103 63
167 53
333 314
350 316
767 425
800 507
9 326
234 844
832 607
860 515
180 645
54 438
410 253
296 881
798 725
605 109
405 116
895 127
553 798
653 191
852 370
759 809
459 322
97 660
15 552
17 240
807 271
545 507
477 871
186 643
593 220
937 545
734 954
540 246
45 461
216 351
455 268
554 481
410 524
340 26
489 368
805 729
530 272
794 228
809 684
175 107
356 830
18 813
520 438
701 127
667 473
304 890
318 661
300 620
882 977
764 28
18 419
480 617
962 66
974 764
189 629
957 377
77 666
273 21
166 859
764 418
398 214
893 544
797 431
416 472
750 662
591 806
957 915
955 708
802 669
925 502
280 474
488 308
896 819
162 788
265 123
24 850
802 579
190 430
453 825
245 250
606 550
981 221
814 962
687 38
621 728
636 74
210 942
171 775
604 951
821 334
834 238
443 382
564 289
666 440
861 234
290 412
394 510
283 771
254 497
166 374
215 788
523 189
315 837
559 893
33 249
273 543
153 852
779 378
730 353
610 724
900 910
461 259
73 868
177 799
772 24
57 608
450 63
202 887
508 980
97 144
407 547
511 890
94 846
692 358
424 786
683 6
187 20
576 177
149 861
652 633
471 191
414 400
333 281
259 507
698 256
612 181
409 376
761 487
52 229
521 932
419 717
467 98
310 92
586 326
688 353
647 447
973 372
875 991
448 432
155 841
371 369
256 620
198 111
904 95
640 546
268 642
743 304
464 911
461 570
85 346
792 240
539 266
171 304
141 829
379 325
629 97
490 938
376 483
584 3
570 679
403 546
970 857
768 227
782 192
388 360
352 225
803 345
175 720
972 676
962 921
48 924
33 605
614 486
849 333
434 274
665 35
733 288
278 443
422 778
83 78
375 244
394 397
873 863
882 806
819 353
274 935
897 965
592 205
994 864
817 331
919 888
95 135
84 716
205 980
474 602
505 101
637 889
477 236
701 131
228 715
708 520
339 451
538 743
0 744
675 543
106 143
760 460
508 269
869 241
659 168
866 830
9 313
442 314
951 824
780 4
214 6
427 314
708 702
159 978
197 246
39 615
427 771
831 852
774 516
522 782
923 849
588 180
62 506
66 538
800 137
981 38
448 35
578 695
429 357
473 944
169 138
598 283
171 907
901 579
860 973
445 177
365 669
550 987
987 365
402 225
488 324
951 942
51 884
916 250
884 994
560 293
148 218
472 457
887 363
85 21
923 172
251 212
4 411
761 165
144 393
328 785
287 210
273 476
365 5
7 895
121 924
232 797
106 97
91 758
354 287
861 740
517 122
175 313
516 830
373 427
281 17
754 996
336 134
639 107
647 110
336 627
627 994
237 927
965 876
415 768
701 668
313 837
117 775
786 510
442 233
15 850
864 266
567 24
348 874
286 727
443 390
174 269
820 511
511 512
632 918
550 566
371 937
210 768
184 439
997 849
611 27
721 56
296 886
907 903
514 969
517 427
131 817
297 364
95 444
289 578
248 383
142 421
706 399
786 876
489 789
483 442
903 724
399 5
465 906
798 927
297 249
361 66
24 67
796 578
855 23
324 413
335 547
975 976
847 306
110 437
560 706
762 562
264 417
535 620
381 299
657 196
956 399
499 616
593 676
609 574
83 314
327 466
794 517
579 1
913 860
507 3
561 608
964 875
172 665
930 250
784 902
638 790
445 750
76 12
94 572
768 577
714 150
230 619
390 492
812 673
117 227
760 619
636 902
20 41
363 887
488 918
421 988
693 209
106 544
116 982
798 231
733 375
960 349
381 305
319 27
924 97
800 245
937 59
655 157
348 130
945 529
183 518
632 371
315 535
262 585
346 875
389 682
386 346
52 327
405 727
432 749
712 770
178 492
115 786
563 124
417 445
404 814
16 850
310 637
8 50
730 848
92 383
773 471
570 654
177 968
925 736
539 268
412 193
478 363
474 405
490 906
160 873
836 787
451 438
986 554
88 635
568 752
150 278
680 468
924 96
204 748
809 396
123 516
244 189
395 538
163 779
631 932
512 190
476 373
196 171
89 196
446 415
619 629
279 98
400 694
731 395
323 411
26 806
802 96
45 185
25 733
818 422
337 419
604 12
285 299
169 203
735 444
286 53
877 327
68 39
390 474
351 980
831 98
88 640
917 985
919 760
569 77
457 219
806 768
759 532
604 780
415 186
668 982
30 883
357 500
774 238
602 163
122 276
428 572
10 8
637 331
334 724
919 226
634 72
82 80
488 466
122 454
234 643
346 615
548 509
223 353
670 450
180 539
882 741
767 688
513 707
367 857
398 804
849 65
916 657
674 197
31 810
637 34
734 958
780 523
348 673
516 474
589 3
822 89
914 258
130 661
247 968
501 152
817 450
434 414
852 647
587 51
339 8
23 87
232 837
623 414
25 886
247 922
813 618
659 65
324 323
509 806
38 279
217 887
151 878
533 734
365 204
821 628
395 271
398 545
546 725
904 807
528 943
596 236
133 677
948 585
883 515
714 760
477 514
262 870
375 341
971 535
556 850
302 801
351 332
527 618
239 5
166 204
251 887
650 988
33 37
108 600
928 511
628 12
885 203
873 466
977 695
595 473
285 350
371 359
546 926
512 15
120 598
756 811
253 360
369 894
404 166
523 356
155 901
914 900
41 313
555 648
838 356
485 173
274 467
372 337
380 933
257 358
1 913
549 858
734 51
125 528
109 367
762 452
529 394
122 41
273 107
602 695
995 786
864 134
654 264
164 540
553 696
17 920
780 965
284 382
987 967
943 86
786 909
974 286
893 402
910 568
65 928
913 673
38 474
141 717
517 136
401 858
550 568
752 786
574 793
881 226
665 131
352 483
916 33
787 618
835 693
661 839
608 509
163 273
13 213
58 845
90 714
111 937
332 621
918 470
509 176
245 915
434 34
163 363
425 169
179 298
526 86
143 140
570 404
281 664
611 720
700 766
470 68
765 189
778 979
605 217
222 130
843 202
489 913
988 250
947 525
371 526
775 192
658 52
30 185
344 11
519 50
862 474
543 119
593 973
585 235
658 250
785 475
314 207
9 896
545 719
158 512
451 824
557 866
343 325
553 224
113 775
826 224
197 690
336 218
339 939
696 896
129 653
156 57
320 526
79 926
787 137
840 301
63 856
290 348
503 543
221 210
538 740
969 684
801 156
567 730
483 598
39 627
190 432
140 970
948 232
803 680
346 172
757 764
429 876
742 753
633 93
354 863
943 804
323 56
893 52
701 537
843 564
349 338
996 805
398 470
459 474
995 937
609 862
265 146
478 143
267 945
437 557
417 484
519 195
244 963
131 121
158 329
877 726
121 576
90 457
672 104
92 519
38 675
407 463
297 30
598 423
803 287
757 541
469 777
44 645
96 922
998 103
797 883
695 595
494 406
707 102
740 136
45 944
439 755
896 592
422 946
730 461
622 254
456 198
310 182
692 105
45 296
652 871
81 291
193 559
588 608
110 844
654 154
339 51
812 56
271 420
115 91
102 100
799 431
547 436
700 23
447 202
724 608
207 407
782 199
336 679
723 684
641 364
838 690
167 252
555 131
682 675
992 978
731 884
698 708
797 826
188 579
538 671
923 406
464 783
307 124
421 639
478 409
85 322
863 573
80 984
83 728
974 179
466 737
274 716
210 479
800 416
270 860
75 476
540 879
403 971
187 530
593 791
363 284
717 901
764 923
268 38
109 876
986 845
667 498
326 327
957 213
680 583
947 702
658 737
862 607
41 456
759 305
373 591
855 671
777 978
962 163
170 62
695 501
295 10
612 845
139 540
471 676
35 639
160 127
390 677
645 415
68 9
417 252
204 426
313 646
9 257
830 744
535 972
573 402
209 904
755 899
784 920
659 618
11 490
255 201
272 369
66 7
604 452
71 946
212 969
538 604
880 68
229 135
182 610
174 985
705 478
435 694
747 259
477 208
736 374
466 804
282 290
432 347
481 897
703 613
513 557
109 359
295 74
672 666
470 763
946 792
873 192
145 723
399 968
528 399
612 633
874 346
626 764
289 919
262 91
616 821
208 560
127 430
359 617
634 854
636 299
315 597
526 335
782 655
995 851
612 998
650 467
967 754
159 355
570 102
967 742
851 289
455 174
535 703
155 848
74 690
564 337
98 218
260 944
66 792
572 337
251 195
760 854
456 695
609 357
951 798
146 112
676 784
652 794
980 991
15 954
682 854
186 726
248 270
646 616
621 110
933 925
9 688
709 195
666 322
608 225
867 152
204 120
595 284
430 873
465 338
320 184
267 534
176 968
398 763
929 301
545 463
203 838
287 786
910 246
871 691
39 551
967 47
713 34
484 849
589 406
338 341
45 495
19 71
707 62
124 676
989 96
3 422
612 331
489 454
591 23
196 143
972 789
642 98
892 314
378 653
286 915
821 987
951 102
106 165
13 351
451 951
15 107
751 534
889 27
605 828
332 181
869 384
178 157
477 110
592 336
975 328
588 288
646 214
347 532
240 708
932 961
17 929
259 12
214 70
297 600
612 804
822 101
859 3
344 546
642 295
918 415
816 104
533 346
99 204
730 517
11 262
172 403
764 510
36 217
176 748
727 830
633 366
516 31
122 344
313 684
119 718
399 2
369 789
930 940
612 944
184 75
273 947
657 144
422 374
887 192
659 540
563 283
508 246
655 714
240 1
104 274
20 588
963 336
99 368
705 20
983 285
356 776
157 773
290 404
40 648
311 323
970 399
297 341
300 784
224 37
858 64
221 671
398 904
375 420
233 556
683 32
922 387
108 725
941 241
0 772
403 164
700 525
770 19
10 627
843 869
614 197
840 769
547 741
116 455
780 709
699 214
171 486
814 579
817 585
321 577
84 684
527 804
911 649
263 776
454 836
463 484
949 254
140 812
229 20
518 591
131 793
522 184
639 527
82 578
651 948
433 908
144 953
733 847
251 717
966 644
455 969
553 235
688 403
707 441
826 629
180 814
625 356
142 546
907 3
683 514
791 52
727 851
187 486
451 273
757 105
326 309
726 830
666 304
259 884
185 404
698 761
822 247
751 33
66 750
2 960
842 644
792 938
679 673
692 174
292 903
422 198
830 302
645 247
723 194
746 34
830 0
932 801
419 440
148 629
19 865
269 399
638 66
292 92
966 634
38 938
443 195
606 351
846 313
463 342
64 478
111 453
5 936
562 830
554 916
585 951
375 153
693 78
770 331
600 743
383 895
128 265
776 338
803 594
880 55
420 898
767 976
590 850
990 145
220 547
561 655
734 60
658 75
744 732
607 336
350 832
558 119
310 454
359 429
277 682
263 32
145 618
617 773
207 380
911 962
443 901
427 673
801 106
746 818
22 305
78 284
540 906
354 510
917 636
48 102
614 538
346 298
639 35
219 488
727 399
716 17
82 351
969 2
407 543
438 551
899 453
26 687
525 762
79 491
127 909
689 872
966 953
809 0
369 13
292 225
163 372
692 295
45 227
496 193
373 312
109 594
201 22
994 730
594 642
860 915
489 468
826 156
294 917
995 797
98 579
555 910
45 155
799 469
602 561
248 841
510 216
629 778
513 447
535 508
458 947
800 802
386 107
934 325
956 385
315 446
624 163
686 241
416 273
475 339
742 373
539 940
955 150
833 728
533 279
981 732
847 935
736 759
725 23
481 230
807 928
88 317
434 246
871 49
175 72
871 372
216 242
603 331
584 579
943 851
740 138
204 953
641 524
362 259
128 888
621 475
998 288
773 998
802 711
844 261
909 980
873 747
1 922
15 82
242 391
604 520
939 577
975 954
548 198
196 176
605 955
874 977
454 145
433 551
929 72
804 268
832 237
578 663
261 136
538 75
489 405
620 962
914 237
834 29
791 450
287 439
816 728
879 964
258 106
992 255
91 216
117 338
353 76
772 507
322 167
464 823
436 375
369 49
111 142
740 467
594 841
872 655
8 857
121 169
337 76
262 546
91 796
411 823
679 256
974 740
823 313
476 497
492 305
60 566
345 335
446 951
223 85
784 965
559 420
798 99
397 981
79 16
933 833
31 121
408 907
917 979
328 565
821 932
187 960
913 568
713 2
433 502
310 827
897 242
725 700
652 967
766 24
161 690
665 486
390 934
210 731
683 774
980 932
300 690
573 469
491 784
814 673
993 975
745 334
728 633
348 584
97 304
99 864
549 803
557 476
529 948
493 788
844 982
607 430
194 908
94 682
607 610
935 751
176 275
622 932
956 307
415 237
845 389
966 760
311 131
636 482
559 898
536 924
280 613
97 627
728 732
307 812
336 848
254 488
62 230
570 449
10 35
395 586
259 240
770 68
92 647
254 66
221 445
614 781
921 378
50 742
57 132
994 707
631 641
237 123
363 754
72 718
683 162
521 812
97 424
344 23
259 635
529 101
727 79
379 540
224 936
981 768
688 342
422 46
18 715
548 64
693 424
347 513
485 931
883 126
588 864
377 892
565 790
989 800
782 575
219 738
729 542
906 926
572 991
997 401
157 440
484 996
61 756
910 177
781 646
307 558
120 70
602 541
221 828
443 152
692 436
48 390
797 254
103 497
602 522
192 1
669 477
417 361
501 145
981 477
283 843
325 215
488 303
457 637
694 153
393 763
90 309
694 751
549 848
122 161
723 371
545 963
381 792
946 775
89 39
10 273
952 249
855 708
619 146
456 892
781 496
942 231
561 17
104 936
677 304
246 673
343 335
349 909
276 35
610 166
156 975
970 351
719 852
919 613
405 631
549 239
580 388
153 13
86 257
184 92
912 423
287 0
462 803
666 105
630 719
620 619
170 522
690 603
684 903
442 161
559 447
856 787
149 895
324 908
642 725
490 637
912 320
87 248
437 634
478 553
127 112
950 956
706 348
404 392
12 521
620 865
7 763
865 1
635 219
43 11
148 34
360 405
819 115
871 174
962 958
279 548
739 985
641 217
576 688
299 614
339 919
919 926
132 603
283 175
290 476
999 613
846 848
220 170
932 161
145 249
74 855
255 286
220 812
367 589
551 669
791 389
315 983
644 545
712 357
826 179
397 855
151 701
272 898
410 886
226 765
590 841
857 756
20 556
841 27
794 818
704 177
339 101
869 862
186 231
176 730
632 163
111 651
302 283
969 840
178 906
732 577
743 888
495 840
179 708
131 485
604 598
443 978
746 95
910 957
25 385
398 324
613 371
789 490
981 612
460 475
214 401
900 769
875 901
491 960
512 561
211 443
360 418
215 36
405 87
85 143
39 86
231 912
78 75
619 149
872 357
914 99
495 311
154 785
730 132
722 95
939 209
756 198
349 234
892 729
839 473
344 730
144 735
395 171
998 110
361 92
446 21
883 7
584 395
134 707
313 468
941 600
706 839
230 198
319 94
714 641
272 610
112 360
32 216
454 290
920 932
19 6
909 516
931 461
998 990
473 663
293 568
267 738
553 916
795 212
595 593
509 105
2 281
848 195
229 497
295 40
611 821
2 292
758 974
773 281
6 483
544 123
649 226
968 862
167 473
34 618
383 35
980 382
983 973
179 968
550 546
723 848
775 164
508 417
375 777
973 195
164 727
523 771
173 16
253 315
827 291
428 92
611 76
746 605
65 823
842 953
22 231
404 825
519 341
24 760
581 593
132 566
355 596
623 726
93 350
626 257
361 290
623 393
590 51
933 784
163 760
493 603
454 372
179 156
274 171
439 172
337 672
452 613
758 311
196 195
264 13
573 247
632 857
640 831
365 962
998 93
391 451
117 452
256 631
88 283
577 443
731 588
351 601
698 650
638 254
385 322
3 60
400 298
204 702
613 49
252 50
397 802
265 224
337 484
281 748
243 781
647 414
291 897
993 669
793 975
725 988
452 310
567 456
584 77
584 192
484 161
835 581
901 303
397 972
47 655
390 93
390 409
386 578
403 167
73 996
23 945
622 466
155 918
853 22
780 657
734 321
185 316
799 877
640 439
455 833
401 98
163 678
615 725
507 870
55 986
209 59
745 998
338 152
574 647
580 505
433 311
300 480
603 686
421 10
336 11
526 385
98 498
638 231
9 929
720 728
59 550
943 113
458 172
541 285
0 542
890 465
705 821
22 148
662 233
974 198
16 895
804 679
97 903
924 902
801 769
983 366
831 404
783 41
302 556
466 235
247 375
125 185
974 771
420 366
796 324
500 43
897 424
936 848
895 129
465 592
476 342
645 439
456 348
680 952
660 932
361 750
270 895
855 114
192 82
309 11
137 737
104 527
14 415
185 844
54 263
235 623
854 590
207 627
535 930
679 176
905 714
323 173
815 480
954 257
926 846
25 451
910 409
679 879
793 870
648 35
637 919
224 930
933 934
872 744
792 928
120 863
838 3
520 743
678 839
7 372
97 404
401 163
488 171
358 44
230 774
185 993
390 673
573 468
167 184
557 65
266 801
919 199
162 219
680 767
58 137
293 195
149 560
316 347
369 4
828 673
567 959
780 160
400 548
416 609
992 916
212 532
55 21
415 131
588 894
760 445
752 344
30 584
985 823
162 817
742 332
348 604
474 257
628 310
253 664
156 354
171 412
709 990
94 321
867 57
561 264
570 843
787 72
95 706
220 158
423 414
53 431
132 353
57 144
241 843
63 353
784 774
101 223
286 379
716 804
379 199
35 864
269 493
914 809
931 9
350 587
88 314
927 920
6 999
337 879
530 55
321 747
7 64
95 19
336 952
490 491
558 458
200 768
262 929
320 170
943 102
489 150
839 562
477 914
838 684
560 286
452 784
972 950
669 560
275 692
498 84
481 508
588 459
456 486
181 789
867 350
614 138
88 164
107 918
441 284
548 163
619 485
62 651
162 12
641 795
574 29
73 366
519 149
621 549
427 970
615 134
175 324
337 117
211 437
968 634
364 980
974 752
253 724
56 291
286 223
947 487
467 167
17 882
893 579
736 124
822 541
897 848
851 561
740 123
442 389
599 454
331 741
344 612
62 573
977 351
447 258
799 278
988 575
620 696
233 204
848 749
902 622
272 626
918 321
797 477
64 109
687 967
336 870
579 138
4 142
77 513
32 382
992 230
901 361
271 338
24 133
136 715
145 497
862 56
1 102
604 439
168 794
13 65
572 949
520 904
273 216
404 870
601 953
819 405
264 2
882 601
901 2
137 868
137 830
767 655
842 633
570 61
384 657
334 851
421 917
772 611
221 925
857 854
530 570
864 166
636 723
713 735
647 795
899 536
902 970
613 840
181 442
290 379
474 131
189 790
8 693
689 468
959 257
418 444
839 430
540 483
975 61
266 746
911 421
231 35
806 851
927 903
834 405
465 562
13 65
419 119
968 718
357 938
102 82
423 543
237 316
238 848
496 13
112 567
300 360
44 881
260 972
728 834
449 6
752 131
63 20
375 580
433 956
882 787
584 687
110 213
597 448
879 488
765 437
276 920
232 4
499 978
601 102
216 120
763 914
699 306
410 955
270 750
185 134
204 995
319 984
57 537
60 534
157 495
253 200
664 386
604 138
902 95
73 333
717 174
278 214
475 57
954 113
818 803
487 135
649 485
193 42
483 662
999 260
754 566
347 863
879 456
865 656
410 927
255 397
496 834
711 743
93 617
232 446
18 641
888 619
873 576
695 746
187 854
894 301
595 201
717 30
619 434
14 50
371 565
930 922
454 839
450 308
845 249
62 31
291 435
974 926
292 540
203 832
746 690
822 785
863 276
14 730
191 331
621 405
830 400
91 634
696 687
354 669
313 415
307 231
679 532
157 659
225 112
976 432
450 558
852 880
447 313
261 417
717 580
980 270
104 442
390 676
724 58
631 378
961 144
804 826
861 998
17 90
687 443
565 444
38 37
800 773
780 554
868 788
120 175
475 63
820 558
348 483
800 750
525 807
427 760
331 234
931 968
767 949
869 125
868 28
107 421
673 154
775 616
475 385
103 520
98 448
295 272
406 654
72 316
287 278
227 792
142 510
199 446
485 263
775 603
540 663
140 41
188 7
136 913
109 731
763 389
119 172
840 236
481 98
214 971
311 22
301 690
969 755
15 528
468 55
616 841
657 655
762 341
697 870
209 180
464 181
911 202
914 811
222 701
781 499
550 748
318 291
748 638
810 362
382 88
462 754
367 441
312 227
670 165
210 240
896 383
485 217
196 567
422 300
245 358
747 183
473 553
892 394
3 555
42 170
685 982
226 624
723 396
74 458
371 79
963 601
101 740
492 888
327 443
411 485
575 331
722 588
868 944
355 731
699 429
71 894
802 437
30 659
891 979
529 195
293 287
684 579
863 988
593 245
343 978
534 368
350 582
389 960
733 76
182 309
20 91
234 510
822 721
845 513
652 855
285 672
320 196
210 997
689 400
473 350
829 976
274 472
62 71
776 666
279 293
926 878
309 473
676 492
66 344
846 126
849 73
50 22
71 287
669 22
517 847
999 202
236 653
527 116
39 150
653 495
464 736
735 554
878 84
966 916
225 846
214 115
491 526
266 606
881 964
58 903
485 355
696 161
894 79
400 910
7 888
776 161
590 337
988 53
697 541
862 240
184 65
310 325
189 184
84 444
652 627
153 231
72 124
750 336
992 959
723 690
331 28
438 808
31 429
267 602
170 584
824 949
969 91
297 904
889 263
578 182
911 952
830 333
931 971
696 817
301 522
261 466
651 262
906 444
498 794
304 645
324 217
454 963
113 934
953 670
224 522
843 118
326 690
759 687
261 162
431 182
307 727
150 136
828 88
5 232
620 491
779 940
508 83
806 929
342 240
291 281
793 422
719 308
254 820
336 725
690 328
619 610
193 498
726 847
383 655
357 642
146 73
602 333
906 730
451 186
365 289
863 879
866 29
805 296
909 678
862 20
556 808
440 554
334 126
417 821
285 342
508 761
522 961
603 497
328 703
495 164
163 573
659 816
662 310
644 448
637 586
889 973
339 56
299 695
654 95
629 215
99 577
272 329
808 987
21 480
262 9
85 70
676 769
439 536
46 830
78 680
215 635
856 966
253 67
616 582
612 865
257 348
982 387
998 792
792 453
355 383
27 121
368 280
40 285
1 180
264 898
654 256
476 383
312 990
354 126
721 974
672 517
806 976
781 138
999 588
273 487
121 798
516 848
102 602
852 875
793 12
991 405
614 552
82 633
427 627
225 795
958 839
55 278
714 238
637 990
91 204
460 915
315 527
943 46
319 65
811 459
991 584
838 228
970 514
778 355
300 422
748 761
245 438
610 376
947 160
943 944
847 968
729 674
623 856
341 123
944 341
52 433
404 571
863 853
400 870
939 897
90 258
541 608
990 338
964 543
141 247
973 903
372 634
360 807
954 790
460 29
902 728
930 866
340 34
17 113
326 121
227 554
806 541
300 150
570 862
776 106
810 786
660 270
63 419
685 754
188 162
536 617
262 364
325 29
392 481
894 386
630 901
380 857
552 885
181 555
572 833
702 872
942 576
397 86
542 910
971 914
89 914
209 789
890 933
771 821
981 35
741 528
324 230
369 662
149 215
60 351
837 540
441 974
695 449
996 430
557 80
754 89
805 37
72 974
756 866
199 189
458 954
30 960
161 903
795 154
181 452
383 183
39 463
7 981
373 572
731 879
145 882
235 844
538 739
247 714
769 598
289 704
519 52
972 302
248 433
434 184
643 456
295 85
452 881
300 48
100 96
346 353
567 882
922 844
325 475
518 311
476 214
956 796
228 170
778 908
365 643
304 994
109 245
357 995
699 50
123 726
880 240
256 636
929 839
152 582
403 899
271 258
717 813
647 878
759 508
746 688
722 322
531 152
23 925
710 289
950 415
73 182
871 524
829 122
904 885
642 794
295 179
554 488
967 563
800 521
303 227
469 236
605 440
122 48
890 229
648 201
894 892
232 331
333 101
402 111
128 509
739 851
77 101
850 890
244 460
168 775
954 830
817 875
157 415
602 614
587 545
608 129
81 864
51 100
916 668
534 754
218 505
96 138
170 873
790 242
751 248
307 413
927 893
612 841
452 103
79 879
976 699
150 410
986 187
824 908
445 198
209 585
770 661
844 677
637 976
49 834
315 636
949 423
995 467
297 30
925 399
188 9
427 325
21 405
321 745
468 502
7 216
327 931
625 365
492 848
17 92
711 82
766 615
771 203
60 845
873 590
300 334
537 665
94 724
106 55
179 305
635 933
361 519
660 73
169 681
93 560
157 681
777 804
227 84
356 711
586 215
704 501
671 629
904 268
539 41
3 240
656 78
635 252
65 184
257 845
246 844
945 877
715 913
700 287
823 77
456 338
557 423
835 721
11 282
792 523
93 159
73 952
827 509
730 146
180 365
701 453
167 973
934 681
923 19
733 44
796 926
166 438
982 848
11 215
769 397
404 47
702 167
5 89
440 832
766 539
226 799
277 969
781 95
214 595
731 160
58 94
151 541
973 955
458 460
505 272
764 270
133 487
258 402
802 475
13 347
503 148
301 60
658 587
301 20
980 882
497 889
161 993
994 168
221 509
795 631
576 573
236 896
812 171
567 265
770 693
455 2
190 891
167 988
479 421
918 838
136 633
939 166
782 132
250 766
58 845
923 534
776 913
508 699
112 795
527 34
124 544
537 209
233 294
910 321
228 821
723 171
738 11
788 364
508 547
81 700
458 536
824 342
268 210
960 918
158 647
164 920
977 706
589 685
810 636
137 281
739 770
613 399
272 378
252 329
77 109
955 956
934 262
628 746
519 381
959 488
623 575
819 296
632 367
928 444
109 788
432 135
314 536
65 100
154 268
951 766
362 296
263 62
347 195
535 600
700 501
919 316
661 426
586 295
800 468
442 834
119 241
383 540
733 75
291 398
851 398
453 624
911 176
509 132
392 714
356 593
783 44
760 910
149 254
433 750
960 245
541 238
331 841
313 846
271 800
259 127
576 136
61 678
733 914
30 483
244 791
273 707
600 137
465 745
119 252
895 809
707 662
70 756
940 332
176 741
439 419
551 283
239 230
605 487
709 401
360 619
9 57
487 230
187 986
280 846
912 72
985 706
210 411
481 549
957 477
622 744
63 586
551 155
561 340
880 753
973 147
311 138
849 757
867 146
52 66
134 689
899 621
190 693
380 816
633 398
118 28
385 7
80 940
647 265
930 671
348 807
883 672
680 795
982 824
908 264
39 365
581 815
345 769
636 117
748 737
704 292
704 318
337 713
757 566
390 909
914 895
473 343
469 181
669 614
989 210
487 747
634 977
326 931
261 641
951 71
972 644
628 284
887 973
793 477
235 418
818 627
190 191
930 146
400 347
560 523
764 31
66 751
42 400
174 885
375 384
158 244
756 835
773 635
457 947
596 783
740 80
839 993
308 414
761 977
480 610
240 410
852 578
799 669
188 345
204 630
405 182
606 851
18 152
729 602
930 703
690 630
217 250
762 379
899 383
735 645
342 543
613 437
601 31
341 69
313 244
900 771
34 515
783 891
515 202
886 342
978 71
349 775
704 717
831 345
116 932
695 711
978 740
409 387
246 391
253 763
104 815
171 781
367 814
918 911
483 296
533 203
427 202
408 477
233 282
293 299
776 424
432 557
420 876
133 705
264 131
337 709
363 488
571 275
487 693
629 215
157 286
769 19
708 463
